% # columns="iteration, evaluation, min max(neg(.)) min(pos(.)) max correlation, correlation matrix principle axes lengths  (sorted square roots of eigenvalues of correlation matrix)", seed=861005, Wed Jan 24 19:00:19 2018
1 14 -0.0102023228386324 -1.1278897204210594e-05 1.2272918656834806e-05 0.010810599218149428 1 1 1 1 1 1 1 1 1 1 1 1 1 1 1 1 1 1 1 1 1 1 1 1 1 1 1 1 1 1 1 1 1 1 1
2 28 -0.014865848308223795 -3.535887127275504e-05 6.49138257378937e-06 0.015179236243408844 1 1 1 1 1 1 1 1 1 1 1 1 1 1 1 1 1 1 1 1 1 1 1 1 1 1 1 1 1 1 1 1 1 1 1
3 42 -0.015665496237908458 -3.251479460883595e-05 4.0270771576812464e-05 0.02002678314807758 1 1 1 1 1 1 1 1 1 1 1 1 1 1 1 1 1 1 1 1 1 1 1 1 1 1 1 1 1 1 1 1 1 1 1
4 56 -0.01748776948023617 -3.078741237730887e-05 8.890049761886572e-06 0.02205771851278525 1 1 1 1 1 1 1 1 1 1 1 1 1 1 1 1 1 1 1 1 1 1 1 1 1 1 1 1 1 1 1 1 1 1 1
5 70 -0.022594906575104507 -8.221052996510681e-06 1.9173215495197436e-06 0.024044334390439 1 1 1 1 1 1 1 1 1 1 1 1 1 1 1 1 1 1 1 1 1 1 1 1 1 1 1 1 1 1 1 1 1 1 1
6 84 -0.02553058321068896 -8.942698961675715e-05 2.8379590506393224e-05 0.024342803560867106 1 1 1 1 1 1 1 1 1 1 1 1 1 1 1 1 1 1 1 1 1 1 1 1 1 1 1 1 1 1 1 1 1 1 1
7 98 -0.02704252852481945 -0.00013721717598372515 1.601753407181577e-05 0.02569202919725394 1 1 1 1 1 1 1 1 1 1 1 1 1 1 1 1 1 1 1 1 1 1 1 1 1 1 1 1 1 1 1 1 1 1 1
8 112 -0.026576579504282324 -1.1198715308757297e-05 3.882208507225875e-06 0.02801278153133788 1 1 1 1 1 1 1 1 1 1 1 1 1 1 1 1 1 1 1 1 1 1 1 1 1 1 1 1 1 1 1 1 1 1 1
9 126 -0.02507782396595726 -1.524692347881898e-05 6.5320763622460835e-06 0.03144418206202035 1 1 1 1 1 1 1 1 1 1 1 1 1 1 1 1 1 1 1 1 1 1 1 1 1 1 1 1 1 1 1 1 1 1 1
10 140 -0.026128877156730172 -3.067943818821665e-05 0.00018224159158457118 0.03277118645805097 1 1 1 1 1 1 1 1 1 1 1 1 1 1 1 1 1 1 1 1 1 1 1 1 1 1 1 1 1 1 1 1 1 1 1
11 154 -0.029518817593034676 -3.9978110176419206e-05 5.087164967397226e-05 0.03938116136716501 1 1 1 1 1 1 1 1 1 1 1 1 1 1 1 1 1 1 1 1 1 1 1 1 1 1 1 1 1 1 1 1 1 1 1
12 168 -0.035929497471203074 -3.246982667029158e-05 8.846312308346646e-05 0.044531296312499455 1 1 1 1 1 1 1 1 1 1 1 1 1 1 1 1 1 1 1 1 1 1 1 1 1 1 1 1 1 1 1 1 1 1 1
13 182 -0.03729618895327402 -1.1337719885634079e-05 2.7451173622808794e-06 0.05243659591780344 1 1 1 1 1 1 1 1 1 1 1 1 1 1 1 1 1 1 1 1 1 1 1 1 1 1 1 1 1 1 1 1 1 1 1
14 196 -0.0382374115961409 -0.0001703470253534733 3.3170816513760666e-05 0.052662698410215515 1 1 1 1 1 1 1 1 1 1 1 1 1 1 1 1 1 1 1 1 1 1 1 1 1 1 1 1 1 1 1 1 1 1 1
15 210 -0.04485742965220352 -7.743589185261894e-05 6.80861448047193e-05 0.057747098039979614 1 1 1 1 1 1 1 1 1 1 1 1 1 1 1 1 1 1 1 1 1 1 1 1 1 1 1 1 1 1 1 1 1 1 1
16 224 -0.05264187436410159 -1.571833967395998e-05 6.913847298522415e-05 0.06315749413098831 1 1 1 1 1 1 1 1 1 1 1 1 1 1 1 1 1 1 1 1 1 1 1 1 1 1 1 1 1 1 1 1 1 1 1
17 238 -0.055579603965290304 -4.603102946148338e-05 0.00014491240971643564 0.06323416496173795 1 1 1 1 1 1 1 1 1 1 1 1 1 1 1 1 1 1 1 1 1 1 1 1 1 1 1 1 1 1 1 1 1 1 1
18 252 -0.061659849376774434 -0.00017583889635305354 3.3317262378116253e-06 0.0696138305690589 1 1 1 1 1 1 1 1 1 1 1 1 1 1 1 1 1 1 1 1 1 1 1 1 1 1 1 1 1 1 1 1 1 1 1
19 266 -0.0600100252116991 -1.0560307051836156e-06 8.179329779728427e-06 0.07243694934672774 1 1 1 1 1 1 1 1 1 1 1 1 1 1 1 1 1 1 1 1 1 1 1 1 1 1 1 1 1 1 1 1 1 1 1
20 280 -0.05468944951719029 -1.1828396370128711e-05 1.6755788398572346e-05 0.07484059667320135 1 1 1 1 1 1 1 1 1 1 1 1 1 1 1 1 1 1 1 1 1 1 1 1 1 1 1 1 1 1 1 1 1 1 1
21 294 -0.062885620881061 -8.546375467373623e-05 7.189246461014698e-05 0.07622561897401665 1 1 1 1 1 1 1 1 1 1 1 1 1 1 1 1 1 1 1 1 1 1 1 1 1 1 1 1 1 1 1 1 1 1 1
22 308 -0.07040470871199331 -2.552621942062152e-05 0.0001083761795159861 0.075489531742821 1 1 1 1 1 1 1 1 1 1 1 1 1 1 1 1 1 1 1 1 1 1 1 1 1 1 1 1 1 1 1 1 1 1 1
23 322 -0.07432681243439923 -4.370334573251824e-05 4.087969454305413e-05 0.07606269135585107 1 1 1 1 1 1 1 1 1 1 1 1 1 1 1 1 1 1 1 1 1 1 1 1 1 1 1 1 1 1 1 1 1 1 1
24 336 -0.07535638018415552 -4.7818566937029083e-05 4.509307951585265e-05 0.08029380914924007 1 1 1 1 1 1 1 1 1 1 1 1 1 1 1 1 1 1 1 1 1 1 1 1 1 1 1 1 1 1 1 1 1 1 1
25 350 -0.07607260690365193 -0.00015135976564654505 5.671727919334505e-05 0.07824792454045779 1 1 1 1 1 1 1 1 1 1 1 1 1 1 1 1 1 1 1 1 1 1 1 1 1 1 1 1 1 1 1 1 1 1 1
26 364 -0.0805200130670591 -5.5075662897471037e-05 6.108417449849496e-05 0.08645522219497064 1 1 1 1 1 1 1 1 1 1 1 1 1 1 1 1 1 1 1 1 1 1 1 1 1 1 1 1 1 1 1 1 1 1 1
27 378 -0.08269549347166075 -3.435800882961401e-05 2.1490330169028842e-05 0.09076938515425365 1 1 1 1 1 1 1 1 1 1 1 1 1 1 1 1 1 1 1 1 1 1 1 1 1 1 1 1 1 1 1 1 1 1 1
28 392 -0.07952975836899406 -1.0444220170738903e-05 4.6648998836900754e-05 0.09025563164518803 1 1 1 1 1 1 1 1 1 1 1 1 1 1 1 1 1 1 1 1 1 1 1 1 1 1 1 1 1 1 1 1 1 1 1
29 406 -0.07790622544611149 -5.167456197003053e-05 0.00011397358164454653 0.0910599352225174 1 1 1 1 1 1 1 1 1 1 1 1 1 1 1 1 1 1 1 1 1 1 1 1 1 1 1 1 1 1 1 1 1 1 1
30 420 -0.07944503225096158 -9.343513861640643e-05 0.00015453691760477974 0.09855477059168033 1 1 1 1 1 1 1 1 1 1 1 1 1 1 1 1 1 1 1 1 1 1 1 1 1 1 1 1 1 1 1 1 1 1 1
31 434 -0.08209476302535242 -4.824167559179235e-05 9.430389924329808e-05 0.1023936782560461 1 1 1 1 1 1 1 1 1 1 1 1 1 1 1 1 1 1 1 1 1 1 1 1 1 1 1 1 1 1 1 1 1 1 1
32 448 -0.07914826741545833 -0.00017552961235898357 1.6048476748956842e-06 0.1111046786323822 1 1 1 1 1 1 1 1 1 1 1 1 1 1 1 1 1 1 1 1 1 1 1 1 1 1 1 1 1 1 1 1 1 1 1
33 462 -0.079695896088129 -3.765425936848755e-05 1.6841127719920967e-05 0.11608960142746912 1 1 1 1 1 1 1 1 1 1 1 1 1 1 1 1 1 1 1 1 1 1 1 1 1 1 1 1 1 1 1 1 1 1 1
34 476 -0.08060195279775956 -7.717935732549409e-06 1.9130691299353875e-06 0.12041822318827364 1 1 1 1 1 1 1 1 1 1 1 1 1 1 1 1 1 1 1 1 1 1 1 1 1 1 1 1 1 1 1 1 1 1 1
35 490 -0.08235337161722196 -4.020480139228057e-05 4.0981637073755626e-05 0.1240507468630841 1 1 1 1 1 1 1 1 1 1 1 1 1 1 1 1 1 1 1 1 1 1 1 1 1 1 1 1 1 1 1 1 1 1 1
36 504 -0.08134965532936946 -5.806104090022077e-05 2.6368605794171678e-05 0.1308003734706527 1 1 1 1 1 1 1 1 1 1 1 1 1 1 1 1 1 1 1 1 1 1 1 1 1 1 1 1 1 1 1 1 1 1 1
37 518 -0.08692103011819452 -9.097164319003779e-05 0.00041760992328277347 0.13566240070361504 1 1 1 1 1 1 1 1 1 1 1 1 1 1 1 1 1 1 1 1 1 1 1 1 1 1 1 1 1 1 1 1 1 1 1
38 532 -0.08918913259642133 -2.7105524151206422e-05 4.6233975076624996e-05 0.14492657819596946 1 1 1 1 1 1 1 1 1 1 1 1 1 1 1 1 1 1 1 1 1 1 1 1 1 1 1 1 1 1 1 1 1 1 1
39 546 -0.08729685235327488 -2.253889771170256e-05 5.2237390767034035e-05 0.14607658816082095 1 1 1 1 1 1 1 1 1 1 1 1 1 1 1 1 1 1 1 1 1 1 1 1 1 1 1 1 1 1 1 1 1 1 1
40 560 -0.09146623621218875 -0.00015421929241952098 3.8338617174667774e-05 0.14799284796577042 1 1 1 1 1 1 1 1 1 1 1 1 1 1 1 1 1 1 1 1 1 1 1 1 1 1 1 1 1 1 1 1 1 1 1
41 574 -0.09380797160974814 -6.828457482183257e-05 0.0001271359525209979 0.14771198151645304 1 1 1 1 1 1 1 1 1 1 1 1 1 1 1 1 1 1 1 1 1 1 1 1 1 1 1 1 1 1 1 1 1 1 1
42 588 -0.09626611361072174 -4.8773816523209054e-05 4.660879513338587e-05 0.15064967364812656 1 1 1 1 1 1 1 1 1 1 1 1 1 1 1 1 1 1 1 1 1 1 1 1 1 1 1 1 1 1 1 1 1 1 1
43 602 -0.0980473415503578 -0.00017858375667553458 0.00025261042662539637 0.14932909599762367 1 1 1 1 1 1 1 1 1 1 1 1 1 1 1 1 1 1 1 1 1 1 1 1 1 1 1 1 1 1 1 1 1 1 1
44 616 -0.09631733108912942 -8.895429095040738e-06 0.00020292714571645728 0.15472341633695338 1 1 1 1 1 1 1 1 1 1 1 1 1 1 1 1 1 1 1 1 1 1 1 1 1 1 1 1 1 1 1 1 1 1 1
45 630 -0.09988925651896248 -6.143468767618753e-06 5.881829067777523e-05 0.15934792273096296 1 1 1 1 1 1 1 1 1 1 1 1 1 1 1 1 1 1 1 1 1 1 1 1 1 1 1 1 1 1 1 1 1 1 1
46 644 -0.10466636867537435 -0.00025399242667238116 0.0001213151878700305 0.1641160711793527 1 1 1 1 1 1 1 1 1 1 1 1 1 1 1 1 1 1 1 1 1 1 1 1 1 1 1 1 1 1 1 1 1 1 1
47 658 -0.1052954920856838 -0.0001268766855788823 4.877928399776899e-07 0.1662358731241824 1 1 1 1 1 1 1 1 1 1 1 1 1 1 1 1 1 1 1 1 1 1 1 1 1 1 1 1 1 1 1 1 1 1 1
48 672 -0.10743241948648585 -5.90389129213279e-05 5.5694265306430795e-05 0.16144816473458543 1 1 1 1 1 1 1 1 1 1 1 1 1 1 1 1 1 1 1 1 1 1 1 1 1 1 1 1 1 1 1 1 1 1 1
49 686 -0.10287204371318849 -1.2802117830108237e-05 0.00010386737127007912 0.1638887544798288 1 1 1 1 1 1 1 1 1 1 1 1 1 1 1 1 1 1 1 1 1 1 1 1 1 1 1 1 1 1 1 1 1 1 1
50 700 -0.10427907760951818 -7.872855987588946e-05 2.8205343860493527e-05 0.16206688798388302 1 1 1 1 1 1 1 1 1 1 1 1 1 1 1 1 1 1 1 1 1 1 1 1 1 1 1 1 1 1 1 1 1 1 1
51 714 -0.10544410367676572 -8.059276054610292e-05 8.721230735886773e-07 0.16669459586414848 1 1 1 1 1 1 1 1 1 1 1 1 1 1 1 1 1 1 1 1 1 1 1 1 1 1 1 1 1 1 1 1 1 1 1
52 728 -0.10536037538556264 -0.0002605774413341371 5.056003599947051e-05 0.16838046933562392 1 1 1 1 1 1 1 1 1 1 1 1 1 1 1 1 1 1 1 1 1 1 1 1 1 1 1 1 1 1 1 1 1 1 1
53 742 -0.10575695968736397 -4.027495364769323e-05 0.00024265391904710714 0.16887832461977365 1 1 1 1 1 1 1 1 1 1 1 1 1 1 1 1 1 1 1 1 1 1 1 1 1 1 1 1 1 1 1 1 1 1 1
54 756 -0.10402649805903033 -5.068242940154181e-05 0.00024510179071729065 0.1738869246925228 1 1 1 1 1 1 1 1 1 1 1 1 1 1 1 1 1 1 1 1 1 1 1 1 1 1 1 1 1 1 1 1 1 1 1
55 770 -0.10356545879245492 -1.3068807863018128e-05 0.0003184108610078105 0.17823852073614044 1 1 1 1 1 1 1 1 1 1 1 1 1 1 1 1 1 1 1 1 1 1 1 1 1 1 1 1 1 1 1 1 1 1 1
56 784 -0.10551765050252998 -2.7363838157805807e-07 0.00026602845705864806 0.1807041260796535 1 1 1 1 1 1 1 1 1 1 1 1 1 1 1 1 1 1 1 1 1 1 1 1 1 1 1 1 1 1 1 1 1 1 1
57 798 -0.1093260984167216 -1.6037728511660596e-05 9.455665250360033e-05 0.18479154513015342 1 1 1 1 1 1 1 1 1 1 1 1 1 1 1 1 1 1 1 1 1 1 1 1 1 1 1 1 1 1 1 1 1 1 1
58 812 -0.11755026757681396 -6.512515352654023e-06 0.0008103715869056219 0.18823266967480706 1 1 1 1 1 1 1 1 1 1 1 1 1 1 1 1 1 1 1 1 1 1 1 1 1 1 1 1 1 1 1 1 1 1 1
59 826 -0.12595021433937778 -0.0002879247100632691 0.0006308666402128782 0.18664481442860248 1 1 1 1 1 1 1 1 1 1 1 1 1 1 1 1 1 1 1 1 1 1 1 1 1 1 1 1 1 1 1 1 1 1 1
60 840 -0.1299264993918559 -8.367208576725858e-05 1.5632513952726415e-05 0.18564390645728276 1 1 1 1 1 1 1 1 1 1 1 1 1 1 1 1 1 1 1 1 1 1 1 1 1 1 1 1 1 1 1 1 1 1 1
61 854 -0.13052087710800517 -0.00011382871595394005 6.82433670400591e-05 0.18703161206799807 1 1 1 1 1 1 1 1 1 1 1 1 1 1 1 1 1 1 1 1 1 1 1 1 1 1 1 1 1 1 1 1 1 1 1
62 868 -0.13263782379454803 -3.5968381719599934e-06 9.675649079574688e-05 0.19149101146867906 1 1 1 1 1 1 1 1 1 1 1 1 1 1 1 1 1 1 1 1 1 1 1 1 1 1 1 1 1 1 1 1 1 1 1
63 882 -0.1349604451872719 -0.00018677272288653083 0.0002297557677250566 0.19932503867924534 1 1 1 1 1 1 1 1 1 1 1 1 1 1 1 1 1 1 1 1 1 1 1 1 1 1 1 1 1 1 1 1 1 1 1
64 896 -0.13466426335341275 -0.00021265218342907924 1.2443422784420943e-05 0.2069728744529783 1 1 1 1 1 1 1 1 1 1 1 1 1 1 1 1 1 1 1 1 1 1 1 1 1 1 1 1 1 1 1 1 1 1 1
65 910 -0.1496832386855685 -0.00010821416982443452 9.487062570592704e-05 0.2150092860633392 1 1 1 1 1 1 1 1 1 1 1 1 1 1 1 1 1 1 1 1 1 1 1 1 1 1 1 1 1 1 1 1 1 1 1
66 924 -0.15544674882378218 -6.66563539024607e-05 5.290758070800631e-05 0.21995697913129755 1 1 1 1 1 1 1 1 1 1 1 1 1 1 1 1 1 1 1 1 1 1 1 1 1 1 1 1 1 1 1 1 1 1 1
67 938 -0.16355045027076423 -8.472264493141308e-05 6.222109102307804e-07 0.2205548794724153 1 1 1 1 1 1 1 1 1 1 1 1 1 1 1 1 1 1 1 1 1 1 1 1 1 1 1 1 1 1 1 1 1 1 1
68 952 -0.16939429969957195 -2.2323040902036172e-05 0.0001329972618513825 0.2291156322716646 1 1 1 1 1 1 1 1 1 1 1 1 1 1 1 1 1 1 1 1 1 1 1 1 1 1 1 1 1 1 1 1 1 1 1
69 966 -0.16947521046047437 -3.259734543779211e-05 0.0003916707882972556 0.23237018013271182 1 1 1 1 1 1 1 1 1 1 1 1 1 1 1 1 1 1 1 1 1 1 1 1 1 1 1 1 1 1 1 1 1 1 1
70 980 -0.16949176034870084 -1.6339938720727924e-05 0.00013285968829936074 0.2395763475365096 1 1 1 1 1 1 1 1 1 1 1 1 1 1 1 1 1 1 1 1 1 1 1 1 1 1 1 1 1 1 1 1 1 1 1
71 994 -0.1686020098051723 -4.5855085736141006e-05 0.000600393367189394 0.24109652284679206 1 1 1 1 1 1 1 1 1 1 1 1 1 1 1 1 1 1 1 1 1 1 1 1 1 1 1 1 1 1 1 1 1 1 1
72 1008 -0.1682870353361082 -5.138914256030242e-05 8.000344895215207e-05 0.24352765733041074 1 1 1 1 1 1 1 1 1 1 1 1 1 1 1 1 1 1 1 1 1 1 1 1 1 1 1 1 1 1 1 1 1 1 1
73 1022 -0.16906997399038107 -4.65122520433599e-05 9.669073547965083e-05 0.24216072565186517 1 1 1 1 1 1 1 1 1 1 1 1 1 1 1 1 1 1 1 1 1 1 1 1 1 1 1 1 1 1 1 1 1 1 1
74 1036 -0.1702491833254616 -0.00010230948818703152 2.8886135912117614e-05 0.24545053595432223 1 1 1 1 1 1 1 1 1 1 1 1 1 1 1 1 1 1 1 1 1 1 1 1 1 1 1 1 1 1 1 1 1 1 1
75 1050 -0.17222085579828283 -0.00021737271640248239 0.0005060166953860165 0.2500150386706443 1 1 1 1 1 1 1 1 1 1 1 1 1 1 1 1 1 1 1 1 1 1 1 1 1 1 1 1 1 1 1 1 1 1 1
76 1064 -0.17024719821761714 -0.00046016706606955894 0.00020599313622861952 0.25530429516684966 1 1 1 1 1 1 1 1 1 1 1 1 1 1 1 1 1 1 1 1 1 1 1 1 1 1 1 1 1 1 1 1 1 1 1
77 1078 -0.17287865456215207 -0.00022471402448978798 0.0002578180597328485 0.2593263813332495 1 1 1 1 1 1 1 1 1 1 1 1 1 1 1 1 1 1 1 1 1 1 1 1 1 1 1 1 1 1 1 1 1 1 1
78 1092 -0.1732633817321508 -6.766753908603612e-05 0.0001345095141460114 0.27074426157043135 1 1 1 1 1 1 1 1 1 1 1 1 1 1 1 1 1 1 1 1 1 1 1 1 1 1 1 1 1 1 1 1 1 1 1
79 1106 -0.16906320664815672 -0.0004199014702818978 8.709834291270497e-05 0.27363683950339407 1 1 1 1 1 1 1 1 1 1 1 1 1 1 1 1 1 1 1 1 1 1 1 1 1 1 1 1 1 1 1 1 1 1 1
80 1120 -0.16706189707918367 -0.00011901953838290943 0.000190048335948734 0.27697622708164354 1 1 1 1 1 1 1 1 1 1 1 1 1 1 1 1 1 1 1 1 1 1 1 1 1 1 1 1 1 1 1 1 1 1 1
81 1134 -0.16979590586274695 -0.00026305820770176154 0.0004351995897085333 0.2801391192255316 1 1 1 1 1 1 1 1 1 1 1 1 1 1 1 1 1 1 1 1 1 1 1 1 1 1 1 1 1 1 1 1 1 1 1
82 1148 -0.16643044436887863 -0.00016120005386186502 0.00038377019144768444 0.2852101439937726 1 1 1 1 1 1 1 1 1 1 1 1 1 1 1 1 1 1 1 1 1 1 1 1 1 1 1 1 1 1 1 1 1 1 1
83 1162 -0.16406590168308877 -0.00038352618328982014 1.852861053617747e-05 0.2908089432226736 1 1 1 1 1 1 1 1 1 1 1 1 1 1 1 1 1 1 1 1 1 1 1 1 1 1 1 1 1 1 1 1 1 1 1
84 1176 -0.1635048737552584 -0.00025539931057418915 0.0004074163054930937 0.2933757429955739 1 1 1 1 1 1 1 1 1 1 1 1 1 1 1 1 1 1 1 1 1 1 1 1 1 1 1 1 1 1 1 1 1 1 1
85 1190 -0.16603204672916994 -3.8260011578312205e-05 6.388801752475569e-05 0.2973121829770778 1 1 1 1 1 1 1 1 1 1 1 1 1 1 1 1 1 1 1 1 1 1 1 1 1 1 1 1 1 1 1 1 1 1 1
86 1204 -0.1669009491127611 -0.0002916709592604385 0.00012789322286933707 0.3033595895617387 1 1 1 1 1 1 1 1 1 1 1 1 1 1 1 1 1 1 1 1 1 1 1 1 1 1 1 1 1 1 1 1 1 1 1
87 1218 -0.17573132085956447 -0.00021395202014035672 7.110608297181915e-05 0.3126965585999138 1 1 1 1 1 1 1 1 1 1 1 1 1 1 1 1 1 1 1 1 1 1 1 1 1 1 1 1 1 1 1 1 1 1 1
88 1232 -0.17712734784422052 -2.8066348823783567e-05 0.00048207094632591886 0.3203484003179431 1 1 1 1 1 1 1 1 1 1 1 1 1 1 1 1 1 1 1 1 1 1 1 1 1 1 1 1 1 1 1 1 1 1 1
89 1246 -0.1826143546554775 -0.0003723796219311185 0.0005150190765733051 0.3228810461820512 1 1 1 1 1 1 1 1 1 1 1 1 1 1 1 1 1 1 1 1 1 1 1 1 1 1 1 1 1 1 1 1 1 1 1
90 1260 -0.18276610891305228 -6.277316872686916e-05 0.00015097014286327587 0.3300081152732587 1 1 1 1 1 1 1 1 1 1 1 1 1 1 1 1 1 1 1 1 1 1 1 1 1 1 1 1 1 1 1 1 1 1 1
91 1274 -0.17959040359346015 -0.00033567500009627294 0.00016062902455325398 0.33464491002230445 1 1 1 1 1 1 1 1 1 1 1 1 1 1 1 1 1 1 1 1 1 1 1 1 1 1 1 1 1 1 1 1 1 1 1
92 1288 -0.1758360122631605 -0.00028750607620160805 0.0006132377445547081 0.3384525189297171 1 1 1 1 1 1 1 1 1 1 1 1 1 1 1 1 1 1 1 1 1 1 1 1 1 1 1 1 1 1 1 1 1 1 1
93 1302 -0.1775956169238553 -0.00015589226340819503 0.00010329129684075728 0.3410856154503551 1 1 1 1 1 1 1 1 1 1 1 1 1 1 1 1 1 1 1 1 1 1 1 1 1 1 1 1 1 1 1 1 1 1 1
94 1316 -0.17597323436855375 -7.045367716414217e-05 3.356042773577342e-05 0.3457038020052276 1 1 1 1 1 1 1 1 1 1 1 1 1 1 1 1 1 1 1 1 1 1 1 1 1 1 1 1 1 1 1 1 1 1 1
95 1330 -0.1772081939802531 -9.583293885905072e-06 4.1752433818911054e-05 0.35205276923322965 1 1 1 1 1 1 1 1 1 1 1 1 1 1 1 1 1 1 1 1 1 1 1 1 1 1 1 1 1 1 1 1 1 1 1
96 1344 -0.17104622572454461 -7.141604668221224e-05 4.686312719183038e-05 0.35191751420819334 1 1 1 1 1 1 1 1 1 1 1 1 1 1 1 1 1 1 1 1 1 1 1 1 1 1 1 1 1 1 1 1 1 1 1
97 1358 -0.1660381601402839 -0.00028321849502252266 0.000261786705734227 0.35213336590139965 1 1 1 1 1 1 1 1 1 1 1 1 1 1 1 1 1 1 1 1 1 1 1 1 1 1 1 1 1 1 1 1 1 1 1
98 1372 -0.16671165868713622 -5.988546742175803e-05 0.00012193767019447812 0.3537357485189371 1 1 1 1 1 1 1 1 1 1 1 1 1 1 1 1 1 1 1 1 1 1 1 1 1 1 1 1 1 1 1 1 1 1 1
99 1386 -0.16767532940722477 -8.592189602664766e-05 0.00020215612131633902 0.3550391988885821 1 1 1 1 1 1 1 1 1 1 1 1 1 1 1 1 1 1 1 1 1 1 1 1 1 1 1 1 1 1 1 1 1 1 1
100 1400 -0.1667765601453908 -0.00018287616300768187 0.0003365917228667222 0.35721892644883824 1 1 1 1 1 1 1 1 1 1 1 1 1 1 1 1 1 1 1 1 1 1 1 1 1 1 1 1 1 1 1 1 1 1 1
101 1414 -0.16835630450938338 -1.5767305416236762e-05 7.212416195804896e-05 0.365715333849078 1 1 1 1 1 1 1 1 1 1 1 1 1 1 1 1 1 1 1 1 1 1 1 1 1 1 1 1 1 1 1 1 1 1 1
102 1428 -0.17027636533070692 -1.9743798266076708e-05 0.000280843062031508 0.37022065701934936 1 1 1 1 1 1 1 1 1 1 1 1 1 1 1 1 1 1 1 1 1 1 1 1 1 1 1 1 1 1 1 1 1 1 1
103 1442 -0.16815582301392473 -9.051672087126889e-05 2.772901127341723e-05 0.3717838429817809 1 1 1 1 1 1 1 1 1 1 1 1 1 1 1 1 1 1 1 1 1 1 1 1 1 1 1 1 1 1 1 1 1 1 1
104 1456 -0.17376148881691741 -9.783214020558334e-05 0.00016582706871024787 0.3754174166121797 1 1 1 1 1 1 1 1 1 1 1 1 1 1 1 1 1 1 1 1 1 1 1 1 1 1 1 1 1 1 1 1 1 1 1
105 1470 -0.17636562580392143 -7.063517872954507e-05 0.0002812986283823344 0.377242049509591 1 1 1 1 1 1 1 1 1 1 1 1 1 1 1 1 1 1 1 1 1 1 1 1 1 1 1 1 1 1 1 1 1 1 1
106 1484 -0.17667517014445314 -0.00017979007937335913 0.00013963252317846555 0.3806147617437123 1 1 1 1 1 1 1 1 1 1 1 1 1 1 1 1 1 1 1 1 1 1 1 1 1 1 1 1 1 1 1 1 1 1 1
107 1498 -0.17421372727377835 -0.0004151580912628898 0.0002770138544036235 0.38289867103252007 1 1 1 1 1 1 1 1 1 1 1 1 1 1 1 1 1 1 1 1 1 1 1 1 1 1 1 1 1 1 1 1 1 1 1
108 1512 -0.17221773948645477 -0.00042072750153929217 0.0005257739449469826 0.38835195796014077 1 1 1 1 1 1 1 1 1 1 1 1 1 1 1 1 1 1 1 1 1 1 1 1 1 1 1 1 1 1 1 1 1 1 1
109 1526 -0.17022825110426645 -0.00014310053314102358 0.00010896173113193354 0.397085299022622 1 1 1 1 1 1 1 1 1 1 1 1 1 1 1 1 1 1 1 1 1 1 1 1 1 1 1 1 1 1 1 1 1 1 1
110 1540 -0.17544892097079573 -1.0902267424319082e-05 9.080925376028301e-05 0.3998560685861277 1 1 1 1 1 1 1 1 1 1 1 1 1 1 1 1 1 1 1 1 1 1 1 1 1 1 1 1 1 1 1 1 1 1 1
111 1554 -0.1743439700466586 -9.63721793663198e-06 0.00020617964206238567 0.39554517087088276 1 1 1 1 1 1 1 1 1 1 1 1 1 1 1 1 1 1 1 1 1 1 1 1 1 1 1 1 1 1 1 1 1 1 1
112 1568 -0.17648270881228464 -0.0002813400362376296 0.0003104800111492914 0.39967072821463223 1 1 1 1 1 1 1 1 1 1 1 1 1 1 1 1 1 1 1 1 1 1 1 1 1 1 1 1 1 1 1 1 1 1 1
113 1582 -0.17771363625503003 -0.00013718510190067554 0.00025039223122998855 0.40217784023089537 1 1 1 1 1 1 1 1 1 1 1 1 1 1 1 1 1 1 1 1 1 1 1 1 1 1 1 1 1 1 1 1 1 1 1
114 1596 -0.17567207632824802 -2.35507903060659e-05 4.8972175609033376e-05 0.4054819947709835 1 1 1 1 1 1 1 1 1 1 1 1 1 1 1 1 1 1 1 1 1 1 1 1 1 1 1 1 1 1 1 1 1 1 1
115 1610 -0.1781732064387497 -2.993567054903419e-05 0.00028358811509766684 0.41036536469227675 1 1 1 1 1 1 1 1 1 1 1 1 1 1 1 1 1 1 1 1 1 1 1 1 1 1 1 1 1 1 1 1 1 1 1
116 1624 -0.18173937787150468 -0.00031880975033479514 4.22848683277333e-05 0.41196894666099115 1 1 1 1 1 1 1 1 1 1 1 1 1 1 1 1 1 1 1 1 1 1 1 1 1 1 1 1 1 1 1 1 1 1 1
117 1638 -0.1851956238761099 -9.72721618419168e-05 3.196318770446724e-05 0.4156871241011756 1 1 1 1 1 1 1 1 1 1 1 1 1 1 1 1 1 1 1 1 1 1 1 1 1 1 1 1 1 1 1 1 1 1 1
118 1652 -0.19034931343612732 -0.00010384363266675025 0.0004757071871704616 0.41964813211970464 1 1 1 1 1 1 1 1 1 1 1 1 1 1 1 1 1 1 1 1 1 1 1 1 1 1 1 1 1 1 1 1 1 1 1
119 1666 -0.19234534467661163 -0.00018541243628318916 0.00024311179377953593 0.4239867510301791 1 1 1 1 1 1 1 1 1 1 1 1 1 1 1 1 1 1 1 1 1 1 1 1 1 1 1 1 1 1 1 1 1 1 1
120 1680 -0.1918028890204404 -0.00038069533315660323 1.8932539544520523e-05 0.4305721141273827 1 1 1 1 1 1 1 1 1 1 1 1 1 1 1 1 1 1 1 1 1 1 1 1 1 1 1 1 1 1 1 1 1 1 1
121 1694 -0.19511498608492236 -0.00024562690778338317 0.00015188160934164364 0.42915390956626304 1 1 1 1 1 1 1 1 1 1 1 1 1 1 1 1 1 1 1 1 1 1 1 1 1 1 1 1 1 1 1 1 1 1 1
122 1708 -0.19857829063974636 -4.2605525048279e-06 0.0003646030588566187 0.43293835611771647 1 1 1 1 1 1 1 1 1 1 1 1 1 1 1 1 1 1 1 1 1 1 1 1 1 1 1 1 1 1 1 1 1 1 1
123 1722 -0.20075618592470726 -0.0003400317792056687 1.3843745855106487e-05 0.4355705901266836 1 1 1 1 1 1 1 1 1 1 1 1 1 1 1 1 1 1 1 1 1 1 1 1 1 1 1 1 1 1 1 1 1 1 1
124 1736 -0.19900039050527046 -0.0006185249609485528 3.0385659113883292e-05 0.43633374789072177 1 1 1 1 1 1 1 1 1 1 1 1 1 1 1 1 1 1 1 1 1 1 1 1 1 1 1 1 1 1 1 1 1 1 1
125 1750 -0.1932101597807489 -3.450998559987362e-05 0.00014781007526108513 0.4393751167367685 1 1 1 1 1 1 1 1 1 1 1 1 1 1 1 1 1 1 1 1 1 1 1 1 1 1 1 1 1 1 1 1 1 1 1
126 1764 -0.1877584084199407 -0.0003886308627183576 0.00015500678753052656 0.4399453834307862 1 1 1 1 1 1 1 1 1 1 1 1 1 1 1 1 1 1 1 1 1 1 1 1 1 1 1 1 1 1 1 1 1 1 1
127 1778 -0.18674331061406574 -6.766902822811522e-05 0.0001290306888939055 0.44923094224272897 1 1 1 1 1 1 1 1 1 1 1 1 1 1 1 1 1 1 1 1 1 1 1 1 1 1 1 1 1 1 1 1 1 1 1
128 1792 -0.18845173275801444 -5.228762448088878e-05 0.00017960399582542345 0.45301795862268013 1 1 1 1 1 1 1 1 1 1 1 1 1 1 1 1 1 1 1 1 1 1 1 1 1 1 1 1 1 1 1 1 1 1 1
129 1806 -0.1888788534945804 -0.0004521670105419264 3.6515942658526655e-05 0.45819106764462986 1 1 1 1 1 1 1 1 1 1 1 1 1 1 1 1 1 1 1 1 1 1 1 1 1 1 1 1 1 1 1 1 1 1 1
130 1820 -0.18765853084793518 -0.00032216235519693883 0.00029091644668726606 0.4593106360910636 1 1 1 1 1 1 1 1 1 1 1 1 1 1 1 1 1 1 1 1 1 1 1 1 1 1 1 1 1 1 1 1 1 1 1
131 1834 -0.18917802809885445 -0.0004387969498910746 0.00012757442697179953 0.4639333925716366 1 1 1 1 1 1 1 1 1 1 1 1 1 1 1 1 1 1 1 1 1 1 1 1 1 1 1 1 1 1 1 1 1 1 1
132 1848 -0.18898713973055778 -0.0001906248868898507 0.000696726757063447 0.46615765050524477 1 1 1 1 1 1 1 1 1 1 1 1 1 1 1 1 1 1 1 1 1 1 1 1 1 1 1 1 1 1 1 1 1 1 1
133 1862 -0.18350227766444907 -4.2952069434866566e-05 0.0002910983759608286 0.47173726846164904 1 1 1 1 1 1 1 1 1 1 1 1 1 1 1 1 1 1 1 1 1 1 1 1 1 1 1 1 1 1 1 1 1 1 1
134 1876 -0.18803037880854512 -9.504791811055556e-05 0.00014816300145901578 0.47798945152353 1 1 1 1 1 1 1 1 1 1 1 1 1 1 1 1 1 1 1 1 1 1 1 1 1 1 1 1 1 1 1 1 1 1 1
135 1890 -0.18415711564451462 -2.9093269897082843e-05 0.00013693427707246663 0.48373333036499533 1 1 1 1 1 1 1 1 1 1 1 1 1 1 1 1 1 1 1 1 1 1 1 1 1 1 1 1 1 1 1 1 1 1 1
136 1904 -0.19003655313097778 -0.0001864552678675104 0.00012555378259363362 0.4855767642422914 1 1 1 1 1 1 1 1 1 1 1 1 1 1 1 1 1 1 1 1 1 1 1 1 1 1 1 1 1 1 1 1 1 1 1
137 1918 -0.19291089908689865 -5.07800651878749e-05 0.00029957338562211836 0.4862861386504865 1 1 1 1 1 1 1 1 1 1 1 1 1 1 1 1 1 1 1 1 1 1 1 1 1 1 1 1 1 1 1 1 1 1 1
138 1932 -0.1933787904784285 -0.0002859473553353294 0.00021813189834344284 0.490783416102672 1 1 1 1 1 1 1 1 1 1 1 1 1 1 1 1 1 1 1 1 1 1 1 1 1 1 1 1 1 1 1 1 1 1 1
139 1946 -0.19384677903961015 -0.00014129651054001303 0.0007918684132068451 0.49619323896849715 1 1 1 1 1 1 1 1 1 1 1 1 1 1 1 1 1 1 1 1 1 1 1 1 1 1 1 1 1 1 1 1 1 1 1
140 1960 -0.19378046482286287 -0.000660463857480962 0.00046512846279074527 0.49829950376386917 1 1 1 1 1 1 1 1 1 1 1 1 1 1 1 1 1 1 1 1 1 1 1 1 1 1 1 1 1 1 1 1 1 1 1
141 1974 -0.19174293523159863 -0.00022010821784116226 0.0005906045679246721 0.4999406130166875 1 1 1 1 1 1 1 1 1 1 1 1 1 1 1 1 1 1 1 1 1 1 1 1 1 1 1 1 1 1 1 1 1 1 1
142 1988 -0.19131764298664003 -5.3175157152360507e-05 0.0006502842469980421 0.5008734546154064 1 1 1 1 1 1 1 1 1 1 1 1 1 1 1 1 1 1 1 1 1 1 1 1 1 1 1 1 1 1 1 1 1 1 1
143 2002 -0.19057078714415301 -0.00011148927913329101 0.00017346752923109613 0.5038353826057905 1 1 1 1 1 1 1 1 1 1 1 1 1 1 1 1 1 1 1 1 1 1 1 1 1 1 1 1 1 1 1 1 1 1 1
144 2016 -0.1852174017908059 -5.6546219943085267e-05 0.0004658629366943711 0.5041803406046899 1 1 1 1 1 1 1 1 1 1 1 1 1 1 1 1 1 1 1 1 1 1 1 1 1 1 1 1 1 1 1 1 1 1 1
145 2030 -0.18475977867529678 -0.00012715510392834385 0.00021952127089644961 0.5072547215059389 1 1 1 1 1 1 1 1 1 1 1 1 1 1 1 1 1 1 1 1 1 1 1 1 1 1 1 1 1 1 1 1 1 1 1
146 2044 -0.1855237614277835 -0.0005359833334829449 0.00021880802891959434 0.505773124074871 1 1 1 1 1 1 1 1 1 1 1 1 1 1 1 1 1 1 1 1 1 1 1 1 1 1 1 1 1 1 1 1 1 1 1
147 2058 -0.18784893474950404 -9.16527395993212e-06 0.0003978846988036423 0.508889458699439 1 1 1 1 1 1 1 1 1 1 1 1 1 1 1 1 1 1 1 1 1 1 1 1 1 1 1 1 1 1 1 1 1 1 1
148 2072 -0.18924858417646206 -0.00011877560068362537 0.00011160368299071801 0.510206438505344 1 1 1 1 1 1 1 1 1 1 1 1 1 1 1 1 1 1 1 1 1 1 1 1 1 1 1 1 1 1 1 1 1 1 1
149 2086 -0.19056422027618847 -4.702345685984267e-05 0.00022211775750640371 0.5116665756949337 1 1 1 1 1 1 1 1 1 1 1 1 1 1 1 1 1 1 1 1 1 1 1 1 1 1 1 1 1 1 1 1 1 1 1
150 2100 -0.18972708732672336 -0.00022776206154788813 4.645892311032739e-05 0.5131369351987968 1 1 1 1 1 1 1 1 1 1 1 1 1 1 1 1 1 1 1 1 1 1 1 1 1 1 1 1 1 1 1 1 1 1 1
151 2114 -0.1900523881799751 -0.0001116565323438396 0.0002746545609073902 0.5160367745550886 1 1 1 1 1 1 1 1 1 1 1 1 1 1 1 1 1 1 1 1 1 1 1 1 1 1 1 1 1 1 1 1 1 1 1
152 2128 -0.19070496828214856 -0.0001418631774186527 3.926718154186231e-05 0.5195245143096194 1 1 1 1 1 1 1 1 1 1 1 1 1 1 1 1 1 1 1 1 1 1 1 1 1 1 1 1 1 1 1 1 1 1 1
153 2142 -0.19123354582751534 -0.00018729232092304585 2.074157484405651e-05 0.5194595496247894 1 1 1 1 1 1 1 1 1 1 1 1 1 1 1 1 1 1 1 1 1 1 1 1 1 1 1 1 1 1 1 1 1 1 1
154 2156 -0.19106006391111552 -6.166382000732271e-05 0.0001617903014166673 0.5206963619680886 1 1 1 1 1 1 1 1 1 1 1 1 1 1 1 1 1 1 1 1 1 1 1 1 1 1 1 1 1 1 1 1 1 1 1
155 2170 -0.1889925057598184 -0.0012122152192132719 4.3511358911434234e-05 0.5247893426453364 1 1 1 1 1 1 1 1 1 1 1 1 1 1 1 1 1 1 1 1 1 1 1 1 1 1 1 1 1 1 1 1 1 1 1
156 2184 -0.18479478283129566 -0.00022331195140755857 0.00030085482603863515 0.525274363448108 1 1 1 1 1 1 1 1 1 1 1 1 1 1 1 1 1 1 1 1 1 1 1 1 1 1 1 1 1 1 1 1 1 1 1
157 2198 -0.18461934119171053 -0.0005706511534674972 7.997369965710848e-05 0.5265812790010719 1 1 1 1 1 1 1 1 1 1 1 1 1 1 1 1 1 1 1 1 1 1 1 1 1 1 1 1 1 1 1 1 1 1 1
158 2212 -0.18527341780980996 -2.288430831927666e-06 0.00029246722003551827 0.5302179329491908 1 1 1 1 1 1 1 1 1 1 1 1 1 1 1 1 1 1 1 1 1 1 1 1 1 1 1 1 1 1 1 1 1 1 1
159 2226 -0.18357639015600216 -0.0002536605273235526 8.33013100760842e-05 0.5320389866365028 1 1 1 1 1 1 1 1 1 1 1 1 1 1 1 1 1 1 1 1 1 1 1 1 1 1 1 1 1 1 1 1 1 1 1
160 2240 -0.18437409173307653 -0.00027733379527226243 0.0003682775060405194 0.5334422038847606 1 1 1 1 1 1 1 1 1 1 1 1 1 1 1 1 1 1 1 1 1 1 1 1 1 1 1 1 1 1 1 1 1 1 1
161 2254 -0.18559959169114537 -0.00024037173410832292 0.0001867903028317528 0.5361380572122809 1 1 1 1 1 1 1 1 1 1 1 1 1 1 1 1 1 1 1 1 1 1 1 1 1 1 1 1 1 1 1 1 1 1 1
162 2268 -0.18674760718115602 -0.00033316318119875027 6.809499004017456e-05 0.5406297936591746 1 1 1 1 1 1 1 1 1 1 1 1 1 1 1 1 1 1 1 1 1 1 1 1 1 1 1 1 1 1 1 1 1 1 1
163 2282 -0.19274819222030212 -0.0001462718384697674 0.001082561101142227 0.5443366695419621 1 1 1 1 1 1 1 1 1 1 1 1 1 1 1 1 1 1 1 1 1 1 1 1 1 1 1 1 1 1 1 1 1 1 1
164 2296 -0.19313893620845682 -0.00012494330203561394 0.0013715682870949234 0.5476689864509499 1 1 1 1 1 1 1 1 1 1 1 1 1 1 1 1 1 1 1 1 1 1 1 1 1 1 1 1 1 1 1 1 1 1 1
165 2310 -0.18829979569391297 -0.0002427142527220904 9.830868027314494e-05 0.5487079841594685 1 1 1 1 1 1 1 1 1 1 1 1 1 1 1 1 1 1 1 1 1 1 1 1 1 1 1 1 1 1 1 1 1 1 1
166 2324 -0.18831667042654976 -0.0007333159917892078 0.0003482808187672513 0.5565336960330367 1 1 1 1 1 1 1 1 1 1 1 1 1 1 1 1 1 1 1 1 1 1 1 1 1 1 1 1 1 1 1 1 1 1 1
167 2338 -0.18516336318756693 -0.0005557106583120198 0.0002244919707660582 0.5606873740491504 1 1 1 1 1 1 1 1 1 1 1 1 1 1 1 1 1 1 1 1 1 1 1 1 1 1 1 1 1 1 1 1 1 1 1
168 2352 -0.18500893830601614 -0.00015248341317943955 0.00026050012213183903 0.561805775651041 1 1 1 1 1 1 1 1 1 1 1 1 1 1 1 1 1 1 1 1 1 1 1 1 1 1 1 1 1 1 1 1 1 1 1
169 2366 -0.19242957964488985 -2.7965117404066528e-05 0.0009883036209941023 0.5653410606729808 1 1 1 1 1 1 1 1 1 1 1 1 1 1 1 1 1 1 1 1 1 1 1 1 1 1 1 1 1 1 1 1 1 1 1
170 2380 -0.1914319398562491 -0.00017846878410567567 0.0010134048417249387 0.5680712956417051 1 1 1 1 1 1 1 1 1 1 1 1 1 1 1 1 1 1 1 1 1 1 1 1 1 1 1 1 1 1 1 1 1 1 1
171 2394 -0.1913424847044747 -5.960922629665118e-05 0.0003565039837653895 0.5696651277267739 1 1 1 1 1 1 1 1 1 1 1 1 1 1 1 1 1 1 1 1 1 1 1 1 1 1 1 1 1 1 1 1 1 1 1
172 2408 -0.19039313764504115 -6.649313535825411e-05 0.0003478736478536801 0.5725756075754769 1 1 1 1 1 1 1 1 1 1 1 1 1 1 1 1 1 1 1 1 1 1 1 1 1 1 1 1 1 1 1 1 1 1 1
173 2422 -0.1899025697750994 -0.00011588049292413372 0.00011279298192775078 0.5737429836616008 1 1 1 1 1 1 1 1 1 1 1 1 1 1 1 1 1 1 1 1 1 1 1 1 1 1 1 1 1 1 1 1 1 1 1
174 2436 -0.18598422984937424 -7.565046774373396e-05 0.0005719594177610687 0.5745134951611743 1 1 1 1 1 1 1 1 1 1 1 1 1 1 1 1 1 1 1 1 1 1 1 1 1 1 1 1 1 1 1 1 1 1 1
175 2450 -0.1871477399877492 -0.00017034717693736694 1.3907559500104407e-05 0.5760292954702958 1 1 1 1 1 1 1 1 1 1 1 1 1 1 1 1 1 1 1 1 1 1 1 1 1 1 1 1 1 1 1 1 1 1 1
176 2464 -0.18528952743186577 -0.00019213982389019492 0.0008254491529753564 0.5782917866000519 1 1 1 1 1 1 1 1 1 1 1 1 1 1 1 1 1 1 1 1 1 1 1 1 1 1 1 1 1 1 1 1 1 1 1
177 2478 -0.18379285929807462 -0.00021831673385125423 0.0008813945069472691 0.5796910315328708 1 1 1 1 1 1 1 1 1 1 1 1 1 1 1 1 1 1 1 1 1 1 1 1 1 1 1 1 1 1 1 1 1 1 1
178 2492 -0.18361206784758957 -0.0015983480204512896 0.00018411958772919084 0.5808661137734994 1 1 1 1 1 1 1 1 1 1 1 1 1 1 1 1 1 1 1 1 1 1 1 1 1 1 1 1 1 1 1 1 1 1 1
179 2506 -0.1847866361292751 -4.387000141735264e-05 3.6148671145330595e-05 0.5829035306743062 1 1 1 1 1 1 1 1 1 1 1 1 1 1 1 1 1 1 1 1 1 1 1 1 1 1 1 1 1 1 1 1 1 1 1
180 2520 -0.1867350826431328 -0.00017919477467551146 0.0010050145968289004 0.5869175627035808 1 1 1 1 1 1 1 1 1 1 1 1 1 1 1 1 1 1 1 1 1 1 1 1 1 1 1 1 1 1 1 1 1 1 1
181 2534 -0.188146059972759 -2.9651045746484642e-05 6.900243344016908e-05 0.5887255435947596 1 1 1 1 1 1 1 1 1 1 1 1 1 1 1 1 1 1 1 1 1 1 1 1 1 1 1 1 1 1 1 1 1 1 1
182 2548 -0.18815295784135075 -0.0003083323800848946 0.00015301977372237296 0.5911355704466861 1 1 1 1 1 1 1 1 1 1 1 1 1 1 1 1 1 1 1 1 1 1 1 1 1 1 1 1 1 1 1 1 1 1 1
183 2562 -0.18575404194592382 -0.000390794467431659 0.00013757906803555427 0.5926560399629902 1 1 1 1 1 1 1 1 1 1 1 1 1 1 1 1 1 1 1 1 1 1 1 1 1 1 1 1 1 1 1 1 1 1 1
184 2576 -0.18661362283788707 -6.915603024987558e-05 0.0005764013909333235 0.5944597406237321 1 1 1 1 1 1 1 1 1 1 1 1 1 1 1 1 1 1 1 1 1 1 1 1 1 1 1 1 1 1 1 1 1 1 1
185 2590 -0.1863724675000882 -0.0007741900111917388 9.677563025883851e-05 0.597182196091269 1 1 1 1 1 1 1 1 1 1 1 1 1 1 1 1 1 1 1 1 1 1 1 1 1 1 1 1 1 1 1 1 1 1 1
186 2604 -0.1877725050795864 -0.0002803601125686577 0.00016188024135334217 0.5949943929877569 1 1 1 1 1 1 1 1 1 1 1 1 1 1 1 1 1 1 1 1 1 1 1 1 1 1 1 1 1 1 1 1 1 1 1
187 2618 -0.19081790352225778 -2.7746475357854857e-05 0.0004108999288257217 0.5949998377047311 1 1 1 1 1 1 1 1 1 1 1 1 1 1 1 1 1 1 1 1 1 1 1 1 1 1 1 1 1 1 1 1 1 1 1
188 2632 -0.19486561788955228 -7.643362480371693e-05 5.311235690563581e-05 0.598688575188635 1 1 1 1 1 1 1 1 1 1 1 1 1 1 1 1 1 1 1 1 1 1 1 1 1 1 1 1 1 1 1 1 1 1 1
189 2646 -0.19507200488076748 -0.0006926601633901609 0.00012949694379872396 0.599321488647889 1 1 1 1 1 1 1 1 1 1 1 1 1 1 1 1 1 1 1 1 1 1 1 1 1 1 1 1 1 1 1 1 1 1 1
190 2660 -0.19286265334455352 -0.00023139307269485636 8.534896092260986e-05 0.6005222589631183 1 1 1 1 1 1 1 1 1 1 1 1 1 1 1 1 1 1 1 1 1 1 1 1 1 1 1 1 1 1 1 1 1 1 1
191 2674 -0.192803071378634 -0.0007274832393716638 8.897024051394263e-05 0.6039436156536595 1 1 1 1 1 1 1 1 1 1 1 1 1 1 1 1 1 1 1 1 1 1 1 1 1 1 1 1 1 1 1 1 1 1 1
192 2688 -0.19061740722594162 -0.0001973431598878162 0.0004379931493984315 0.6057190354742051 1 1 1 1 1 1 1 1 1 1 1 1 1 1 1 1 1 1 1 1 1 1 1 1 1 1 1 1 1 1 1 1 1 1 1
193 2702 -0.19320161289155913 -0.00025320030071151567 3.076609900691753e-05 0.6060760124234577 1 1 1 1 1 1 1 1 1 1 1 1 1 1 1 1 1 1 1 1 1 1 1 1 1 1 1 1 1 1 1 1 1 1 1
194 2716 -0.1928870309862671 -9.659758130591222e-05 0.00011199503657626536 0.6081515245593053 1 1 1 1 1 1 1 1 1 1 1 1 1 1 1 1 1 1 1 1 1 1 1 1 1 1 1 1 1 1 1 1 1 1 1
195 2730 -0.20528094820539966 -5.0466729213482594e-05 0.0004931347039429357 0.6094293765087606 1 1 1 1 1 1 1 1 1 1 1 1 1 1 1 1 1 1 1 1 1 1 1 1 1 1 1 1 1 1 1 1 1 1 1
196 2744 -0.21196807944987459 -4.186247944716761e-05 0.00010496494412420668 0.6136540831954747 1 1 1 1 1 1 1 1 1 1 1 1 1 1 1 1 1 1 1 1 1 1 1 1 1 1 1 1 1 1 1 1 1 1 1
197 2758 -0.21771503279769122 -0.0004356481722017108 0.0005673441336676656 0.614938328525313 1 1 1 1 1 1 1 1 1 1 1 1 1 1 1 1 1 1 1 1 1 1 1 1 1 1 1 1 1 1 1 1 1 1 1
198 2772 -0.2182110484989463 -0.0005016416303229184 0.0006700278218971721 0.6168448591413165 1 1 1 1 1 1 1 1 1 1 1 1 1 1 1 1 1 1 1 1 1 1 1 1 1 1 1 1 1 1 1 1 1 1 1
199 2786 -0.2199522659795903 -0.00039989373162581875 4.946520714137748e-06 0.6192592024048673 1 1 1 1 1 1 1 1 1 1 1 1 1 1 1 1 1 1 1 1 1 1 1 1 1 1 1 1 1 1 1 1 1 1 1
200 2800 -0.21878941789917186 -0.0011136321537417392 0.0008081718022653556 0.6192393686095803 1 1 1 1 1 1 1 1 1 1 1 1 1 1 1 1 1 1 1 1 1 1 1 1 1 1 1 1 1 1 1 1 1 1 1
201 2814 -0.22232915782444174 -0.000612872293939934 0.0005166576284979076 0.6244763562803504 1 1 1 1 1 1 1 1 1 1 1 1 1 1 1 1 1 1 1 1 1 1 1 1 1 1 1 1 1 1 1 1 1 1 1
202 2828 -0.2234931952628283 -0.0006851157453811682 0.00033264109957695535 0.6270263418644303 1 1 1 1 1 1 1 1 1 1 1 1 1 1 1 1 1 1 1 1 1 1 1 1 1 1 1 1 1 1 1 1 1 1 1
203 2842 -0.22547337514500188 -0.0007802772372292115 0.0001959666893762562 0.6278793904828243 1 1 1 1 1 1 1 1 1 1 1 1 1 1 1 1 1 1 1 1 1 1 1 1 1 1 1 1 1 1 1 1 1 1 1
204 2856 -0.22603107850362458 -0.0002335742674581594 0.00015564095610961715 0.6300690505068667 1 1 1 1 1 1 1 1 1 1 1 1 1 1 1 1 1 1 1 1 1 1 1 1 1 1 1 1 1 1 1 1 1 1 1
205 2870 -0.23699658620832184 -0.0005959459682587997 0.0005380059062659886 0.632155783402249 1 1 1 1 1 1 1 1 1 1 1 1 1 1 1 1 1 1 1 1 1 1 1 1 1 1 1 1 1 1 1 1 1 1 1
206 2884 -0.24215180308226328 -0.00029345094569236535 0.0002576166102921185 0.6334744965424548 1 1 1 1 1 1 1 1 1 1 1 1 1 1 1 1 1 1 1 1 1 1 1 1 1 1 1 1 1 1 1 1 1 1 1
207 2898 -0.2407235105543678 -0.0005238219911101585 2.4634348701287295e-05 0.6323206897950927 1 1 1 1 1 1 1 1 1 1 1 1 1 1 1 1 1 1 1 1 1 1 1 1 1 1 1 1 1 1 1 1 1 1 1
208 2912 -0.2436278397275984 -0.000633737301535557 0.0002191331289872982 0.6352533961622778 1 1 1 1 1 1 1 1 1 1 1 1 1 1 1 1 1 1 1 1 1 1 1 1 1 1 1 1 1 1 1 1 1 1 1
209 2926 -0.24216006850052754 -0.00031623916105005177 0.0007655885054371854 0.6410910008675409 1 1 1 1 1 1 1 1 1 1 1 1 1 1 1 1 1 1 1 1 1 1 1 1 1 1 1 1 1 1 1 1 1 1 1
210 2940 -0.24828568173603277 -0.00020054682200510598 2.832826216385108e-05 0.6431350997592055 1 1 1 1 1 1 1 1 1 1 1 1 1 1 1 1 1 1 1 1 1 1 1 1 1 1 1 1 1 1 1 1 1 1 1
211 2954 -0.2517740443418635 -0.0006276555601876105 0.0001762670596358137 0.6489744112151917 1 1 1 1 1 1 1 1 1 1 1 1 1 1 1 1 1 1 1 1 1 1 1 1 1 1 1 1 1 1 1 1 1 1 1
212 2968 -0.2504071356898072 -0.0002486907308005678 0.0002737563160242323 0.6501967203539408 1 1 1 1 1 1 1 1 1 1 1 1 1 1 1 1 1 1 1 1 1 1 1 1 1 1 1 1 1 1 1 1 1 1 1
213 2982 -0.25021366986678534 -0.00036925055996750574 0.0009564830507128664 0.651072071186299 1 1 1 1 1 1 1 1 1 1 1 1 1 1 1 1 1 1 1 1 1 1 1 1 1 1 1 1 1 1 1 1 1 1 1
214 2996 -0.2485208697984795 -0.0007100063526181554 0.00023506106676725942 0.6532798910240124 1 1 1 1 1 1 1 1 1 1 1 1 1 1 1 1 1 1 1 1 1 1 1 1 1 1 1 1 1 1 1 1 1 1 1
215 3010 -0.25188341339589526 -0.000858791054452729 0.0003959230915226565 0.6547190602868455 1 1 1 1 1 1 1 1 1 1 1 1 1 1 1 1 1 1 1 1 1 1 1 1 1 1 1 1 1 1 1 1 1 1 1
216 3024 -0.2501570163968034 -0.0001962228580745119 0.0003046126260922523 0.6567282743278317 1 1 1 1 1 1 1 1 1 1 1 1 1 1 1 1 1 1 1 1 1 1 1 1 1 1 1 1 1 1 1 1 1 1 1
217 3038 -0.24717852383335137 -0.0010052765843839048 8.521593818976346e-05 0.659939140217825 1 1 1 1 1 1 1 1 1 1 1 1 1 1 1 1 1 1 1 1 1 1 1 1 1 1 1 1 1 1 1 1 1 1 1
218 3052 -0.2483729166193338 -4.682266961520364e-05 0.000910791083920361 0.6627497969630691 1 1 1 1 1 1 1 1 1 1 1 1 1 1 1 1 1 1 1 1 1 1 1 1 1 1 1 1 1 1 1 1 1 1 1
219 3066 -0.24309098156917253 -5.2915891710840215e-05 0.000975519309385239 0.6626216213770543 1 1 1 1 1 1 1 1 1 1 1 1 1 1 1 1 1 1 1 1 1 1 1 1 1 1 1 1 1 1 1 1 1 1 1
220 3080 -0.24017989773520926 -0.0007184157783916109 0.0001397370169442177 0.6635208074891916 1 1 1 1 1 1 1 1 1 1 1 1 1 1 1 1 1 1 1 1 1 1 1 1 1 1 1 1 1 1 1 1 1 1 1
221 3094 -0.2392297208525783 -7.456398772506073e-05 8.231737306195624e-05 0.6649317404727572 1 1 1 1 1 1 1 1 1 1 1 1 1 1 1 1 1 1 1 1 1 1 1 1 1 1 1 1 1 1 1 1 1 1 1
222 3108 -0.2412298283151237 -1.3685620802684262e-05 0.0001044190518085378 0.6671498190241105 1 1 1 1 1 1 1 1 1 1 1 1 1 1 1 1 1 1 1 1 1 1 1 1 1 1 1 1 1 1 1 1 1 1 1
223 3122 -0.24048444807197403 -0.00016128468691487314 0.0005032691826130314 0.6654351814788854 1 1 1 1 1 1 1 1 1 1 1 1 1 1 1 1 1 1 1 1 1 1 1 1 1 1 1 1 1 1 1 1 1 1 1
224 3136 -0.23790863218779962 -0.0002964409656414181 0.00044211450043745294 0.6659793346879965 1 1 1 1 1 1 1 1 1 1 1 1 1 1 1 1 1 1 1 1 1 1 1 1 1 1 1 1 1 1 1 1 1 1 1
225 3150 -0.23765315090767222 -0.0003864840984876484 0.0005311544389156476 0.6704581927903119 1 1 1 1 1 1 1 1 1 1 1 1 1 1 1 1 1 1 1 1 1 1 1 1 1 1 1 1 1 1 1 1 1 1 1
226 3164 -0.23629441625048467 -0.00014605252213747622 0.0009014541482748015 0.6688338855013983 1 1 1 1 1 1 1 1 1 1 1 1 1 1 1 1 1 1 1 1 1 1 1 1 1 1 1 1 1 1 1 1 1 1 1
227 3178 -0.2389868549076379 -0.0006309639071467987 0.00033608070780377533 0.6716693025048702 1 1 1 1 1 1 1 1 1 1 1 1 1 1 1 1 1 1 1 1 1 1 1 1 1 1 1 1 1 1 1 1 1 1 1
228 3192 -0.23869178640320765 -0.00014734859089556376 0.00022129825813657305 0.6743029249976982 1 1 1 1 1 1 1 1 1 1 1 1 1 1 1 1 1 1 1 1 1 1 1 1 1 1 1 1 1 1 1 1 1 1 1
229 3206 -0.23648717852003978 -0.00011012957574868746 0.0007439213846362709 0.6759295504194213 1 1 1 1 1 1 1 1 1 1 1 1 1 1 1 1 1 1 1 1 1 1 1 1 1 1 1 1 1 1 1 1 1 1 1
230 3220 -0.24229106623392968 -0.0003237554576685374 0.0005621824211926754 0.6755913749307478 1 1 1 1 1 1 1 1 1 1 1 1 1 1 1 1 1 1 1 1 1 1 1 1 1 1 1 1 1 1 1 1 1 1 1
231 3234 -0.23709613733321205 -0.0011038095813763523 6.781646897191621e-05 0.677784672298166 1 1 1 1 1 1 1 1 1 1 1 1 1 1 1 1 1 1 1 1 1 1 1 1 1 1 1 1 1 1 1 1 1 1 1
232 3248 -0.23631459578861208 -0.00023923770250982386 0.0004137294879611604 0.6795486546045448 1 1 1 1 1 1 1 1 1 1 1 1 1 1 1 1 1 1 1 1 1 1 1 1 1 1 1 1 1 1 1 1 1 1 1
233 3262 -0.23886781694419298 -8.793757740905875e-06 1.7564445787066478e-05 0.6807579710499101 1 1 1 1 1 1 1 1 1 1 1 1 1 1 1 1 1 1 1 1 1 1 1 1 1 1 1 1 1 1 1 1 1 1 1
234 3276 -0.23697857624712115 -1.30280350157665e-05 0.00016396763618989932 0.6830145999496599 1 1 1 1 1 1 1 1 1 1 1 1 1 1 1 1 1 1 1 1 1 1 1 1 1 1 1 1 1 1 1 1 1 1 1
235 3290 -0.23592148676108882 -0.00018267019735587498 0.00017526939453212806 0.6813079210039631 1 1 1 1 1 1 1 1 1 1 1 1 1 1 1 1 1 1 1 1 1 1 1 1 1 1 1 1 1 1 1 1 1 1 1
236 3304 -0.2405199962339229 -0.0001478151032046754 0.001011434997493383 0.6833768930566569 1 1 1 1 1 1 1 1 1 1 1 1 1 1 1 1 1 1 1 1 1 1 1 1 1 1 1 1 1 1 1 1 1 1 1
237 3318 -0.2407415546915607 -0.0002835265898483882 0.0005473798198789448 0.6844773152745454 1 1 1 1 1 1 1 1 1 1 1 1 1 1 1 1 1 1 1 1 1 1 1 1 1 1 1 1 1 1 1 1 1 1 1
238 3332 -0.23970334794273848 -8.6759650910912e-05 0.0006158845365034182 0.6871480084341014 1 1 1 1 1 1 1 1 1 1 1 1 1 1 1 1 1 1 1 1 1 1 1 1 1 1 1 1 1 1 1 1 1 1 1
239 3346 -0.23960110319213454 -0.0002284465379863703 9.78583317273994e-05 0.6927784931101806 1 1 1 1 1 1 1 1 1 1 1 1 1 1 1 1 1 1 1 1 1 1 1 1 1 1 1 1 1 1 1 1 1 1 1
240 3360 -0.2433695321958273 -0.00012313889401052865 0.00015756779529954796 0.6938815359867164 1 1 1 1 1 1 1 1 1 1 1 1 1 1 1 1 1 1 1 1 1 1 1 1 1 1 1 1 1 1 1 1 1 1 1
241 3374 -0.24238778952076145 -2.805743318567983e-06 0.00033018061067379616 0.6938318598653511 1 1 1 1 1 1 1 1 1 1 1 1 1 1 1 1 1 1 1 1 1 1 1 1 1 1 1 1 1 1 1 1 1 1 1
242 3388 -0.24715218357865656 -0.00011088828279009019 0.0003083634037188575 0.6946495447084116 1 1 1 1 1 1 1 1 1 1 1 1 1 1 1 1 1 1 1 1 1 1 1 1 1 1 1 1 1 1 1 1 1 1 1
243 3402 -0.2447267070262066 -0.00035277809083932954 0.0003742004970661939 0.6955678321525768 1 1 1 1 1 1 1 1 1 1 1 1 1 1 1 1 1 1 1 1 1 1 1 1 1 1 1 1 1 1 1 1 1 1 1
244 3416 -0.25223434177910553 -0.0003171958832964184 2.0814297714742864e-05 0.6961772643213588 1 1 1 1 1 1 1 1 1 1 1 1 1 1 1 1 1 1 1 1 1 1 1 1 1 1 1 1 1 1 1 1 1 1 1
245 3430 -0.2524135232253479 -0.00040476757306636416 7.787916830965651e-05 0.6996422723159371 1 1 1 1 1 1 1 1 1 1 1 1 1 1 1 1 1 1 1 1 1 1 1 1 1 1 1 1 1 1 1 1 1 1 1
246 3444 -0.2509090688212975 -7.54237530486913e-05 0.0005084436775188143 0.7027984589207315 1 1 1 1 1 1 1 1 1 1 1 1 1 1 1 1 1 1 1 1 1 1 1 1 1 1 1 1 1 1 1 1 1 1 1
247 3458 -0.2475177657253487 -0.0006938625413076587 0.00018382246754509692 0.7042687453566129 1 1 1 1 1 1 1 1 1 1 1 1 1 1 1 1 1 1 1 1 1 1 1 1 1 1 1 1 1 1 1 1 1 1 1
248 3472 -0.247913506407974 -0.0002611311241154211 1.8675773143175205e-06 0.7065125471245803 1 1 1 1 1 1 1 1 1 1 1 1 1 1 1 1 1 1 1 1 1 1 1 1 1 1 1 1 1 1 1 1 1 1 1
249 3486 -0.24851475519884683 -0.0001428519433862409 0.0006782672485954662 0.7078052112722822 1 1 1 1 1 1 1 1 1 1 1 1 1 1 1 1 1 1 1 1 1 1 1 1 1 1 1 1 1 1 1 1 1 1 1
250 3500 -0.24605218075240673 -0.0004025184281930838 0.0005532197218531745 0.7083679232041166 1 1 1 1 1 1 1 1 1 1 1 1 1 1 1 1 1 1 1 1 1 1 1 1 1 1 1 1 1 1 1 1 1 1 1
251 3514 -0.2544287569873168 -0.00042037225763657345 0.0003828998481541265 0.7120910611013361 1 1 1 1 1 1 1 1 1 1 1 1 1 1 1 1 1 1 1 1 1 1 1 1 1 1 1 1 1 1 1 1 1 1 1
252 3528 -0.2622695286499213 -0.0009092061583153836 0.00023617523707339963 0.7143899689217574 1 1 1 1 1 1 1 1 1 1 1 1 1 1 1 1 1 1 1 1 1 1 1 1 1 1 1 1 1 1 1 1 1 1 1
253 3542 -0.26382397864438495 -0.00030142744075616263 0.00015215084296528995 0.719030626231299 1 1 1 1 1 1 1 1 1 1 1 1 1 1 1 1 1 1 1 1 1 1 1 1 1 1 1 1 1 1 1 1 1 1 1
254 3556 -0.2636537383496458 -0.0002984570835676434 0.0002537886934941753 0.7178035688017782 1 1 1 1 1 1 1 1 1 1 1 1 1 1 1 1 1 1 1 1 1 1 1 1 1 1 1 1 1 1 1 1 1 1 1
255 3570 -0.26822479206824335 -8.762881543514162e-05 0.000719406978157722 0.7214980103035609 1 1 1 1 1 1 1 1 1 1 1 1 1 1 1 1 1 1 1 1 1 1 1 1 1 1 1 1 1 1 1 1 1 1 1
256 3584 -0.27174095649187524 -0.0003184710486811159 0.0001391146655915491 0.7238596937008984 1 1 1 1 1 1 1 1 1 1 1 1 1 1 1 1 1 1 1 1 1 1 1 1 1 1 1 1 1 1 1 1 1 1 1
257 3598 -0.2755343563262641 -0.0004331235674545518 8.059756217166247e-05 0.725674230523208 1 1 1 1 1 1 1 1 1 1 1 1 1 1 1 1 1 1 1 1 1 1 1 1 1 1 1 1 1 1 1 1 1 1 1
258 3612 -0.2759402546078588 -0.00010918116231790496 0.0004727743063660607 0.724997354782775 1 1 1 1 1 1 1 1 1 1 1 1 1 1 1 1 1 1 1 1 1 1 1 1 1 1 1 1 1 1 1 1 1 1 1
259 3626 -0.27980949481682593 -0.0002711192121669459 0.00017779031209444246 0.7242503552719082 1 1 1 1 1 1 1 1 1 1 1 1 1 1 1 1 1 1 1 1 1 1 1 1 1 1 1 1 1 1 1 1 1 1 1
260 3640 -0.2801693769773621 -8.440186182523326e-05 0.0005290474815460678 0.7275016864554211 1 1 1 1 1 1 1 1 1 1 1 1 1 1 1 1 1 1 1 1 1 1 1 1 1 1 1 1 1 1 1 1 1 1 1
261 3654 -0.2847357299215337 -0.00033572183939272675 5.066470507426059e-05 0.7288678770289864 1 1 1 1 1 1 1 1 1 1 1 1 1 1 1 1 1 1 1 1 1 1 1 1 1 1 1 1 1 1 1 1 1 1 1
262 3668 -0.28502970259632865 -8.746981387363206e-05 0.00024927889301010935 0.732691301005538 1 1 1 1 1 1 1 1 1 1 1 1 1 1 1 1 1 1 1 1 1 1 1 1 1 1 1 1 1 1 1 1 1 1 1
263 3682 -0.2853889344755046 -0.0007831764147205745 0.00017433615532119528 0.73458996535272 1 1 1 1 1 1 1 1 1 1 1 1 1 1 1 1 1 1 1 1 1 1 1 1 1 1 1 1 1 1 1 1 1 1 1
264 3696 -0.28786163705020973 -0.00018849824803054646 0.0006098326385244807 0.7341610006710292 1 1 1 1 1 1 1 1 1 1 1 1 1 1 1 1 1 1 1 1 1 1 1 1 1 1 1 1 1 1 1 1 1 1 1
265 3710 -0.2875412291019256 -0.0006235538255479801 0.00015150527208438995 0.7352372742429698 1 1 1 1 1 1 1 1 1 1 1 1 1 1 1 1 1 1 1 1 1 1 1 1 1 1 1 1 1 1 1 1 1 1 1
266 3724 -0.2871490848398132 -0.0006032876337176751 0.000615845827661119 0.7353108724888706 1 1 1 1 1 1 1 1 1 1 1 1 1 1 1 1 1 1 1 1 1 1 1 1 1 1 1 1 1 1 1 1 1 1 1
267 3738 -0.28876446296706115 -0.00027236642315094334 0.00020886675075351438 0.7374950949710948 1 1 1 1 1 1 1 1 1 1 1 1 1 1 1 1 1 1 1 1 1 1 1 1 1 1 1 1 1 1 1 1 1 1 1
268 3752 -0.2866937373311343 -0.0006248238497640916 0.0007207648863083084 0.7389699024412897 1 1 1 1 1 1 1 1 1 1 1 1 1 1 1 1 1 1 1 1 1 1 1 1 1 1 1 1 1 1 1 1 1 1 1
269 3766 -0.2916825044737504 -0.0018669964144788658 0.00034346845479870703 0.741867854681315 1 1 1 1 1 1 1 1 1 1 1 1 1 1 1 1 1 1 1 1 1 1 1 1 1 1 1 1 1 1 1 1 1 1 1
270 3780 -0.2917691119900681 -0.0001053277162830672 2.071250438856926e-05 0.7438503943991911 1 1 1 1 1 1 1 1 1 1 1 1 1 1 1 1 1 1 1 1 1 1 1 1 1 1 1 1 1 1 1 1 1 1 1
271 3794 -0.2943004214120279 -8.647927434836321e-05 0.00017894318753250503 0.7458992956755428 1 1 1 1 1 1 1 1 1 1 1 1 1 1 1 1 1 1 1 1 1 1 1 1 1 1 1 1 1 1 1 1 1 1 1
272 3808 -0.2947354319255936 -0.00013857114576742765 0.00040416385466188166 0.7474781795925046 1 1 1 1 1 1 1 1 1 1 1 1 1 1 1 1 1 1 1 1 1 1 1 1 1 1 1 1 1 1 1 1 1 1 1
273 3822 -0.29711009199934374 -0.0003568592864034432 0.00026818892395733305 0.7473122088041351 1 1 1 1 1 1 1 1 1 1 1 1 1 1 1 1 1 1 1 1 1 1 1 1 1 1 1 1 1 1 1 1 1 1 1
274 3836 -0.2951066639719409 -0.00024397910453210497 4.383148253710556e-05 0.7497931872659115 1 1 1 1 1 1 1 1 1 1 1 1 1 1 1 1 1 1 1 1 1 1 1 1 1 1 1 1 1 1 1 1 1 1 1
275 3850 -0.29182362132896233 -5.145966564004753e-05 0.00011142397845221733 0.7525357590267391 1 1 1 1 1 1 1 1 1 1 1 1 1 1 1 1 1 1 1 1 1 1 1 1 1 1 1 1 1 1 1 1 1 1 1
276 3864 -0.2920985573433076 -0.0001500779584523018 0.00032222473396811586 0.75443410179816 1 1 1 1 1 1 1 1 1 1 1 1 1 1 1 1 1 1 1 1 1 1 1 1 1 1 1 1 1 1 1 1 1 1 1
277 3878 -0.29113060238782945 -0.0007625670849212326 0.0005974226685470347 0.7565685665042321 1 1 1 1 1 1 1 1 1 1 1 1 1 1 1 1 1 1 1 1 1 1 1 1 1 1 1 1 1 1 1 1 1 1 1
278 3892 -0.29218607670764846 -0.00016559366564683622 0.00012888613741116498 0.7577264911136556 1 1 1 1 1 1 1 1 1 1 1 1 1 1 1 1 1 1 1 1 1 1 1 1 1 1 1 1 1 1 1 1 1 1 1
279 3906 -0.2901555193673132 -0.0001872724322618177 1.3928370396161145e-05 0.7594461458418136 1 1 1 1 1 1 1 1 1 1 1 1 1 1 1 1 1 1 1 1 1 1 1 1 1 1 1 1 1 1 1 1 1 1 1
280 3920 -0.2908473339667731 -4.906559974374959e-05 4.192345372617986e-05 0.7612728411524151 1 1 1 1 1 1 1 1 1 1 1 1 1 1 1 1 1 1 1 1 1 1 1 1 1 1 1 1 1 1 1 1 1 1 1
281 3934 -0.292029521712922 -0.0003336973736123368 0.00018300203988900348 0.7612757199193518 1 1 1 1 1 1 1 1 1 1 1 1 1 1 1 1 1 1 1 1 1 1 1 1 1 1 1 1 1 1 1 1 1 1 1
282 3948 -0.2902991928505059 -2.2169810705286035e-05 8.207644620044814e-05 0.761015538617458 1 1 1 1 1 1 1 1 1 1 1 1 1 1 1 1 1 1 1 1 1 1 1 1 1 1 1 1 1 1 1 1 1 1 1
283 3962 -0.2883550161204659 -0.0004321611170467767 6.0518785459465416e-06 0.7614669443733554 1 1 1 1 1 1 1 1 1 1 1 1 1 1 1 1 1 1 1 1 1 1 1 1 1 1 1 1 1 1 1 1 1 1 1
284 3976 -0.289553478186271 -0.00036797390631386365 0.0005471062046385783 0.7623622917534558 1 1 1 1 1 1 1 1 1 1 1 1 1 1 1 1 1 1 1 1 1 1 1 1 1 1 1 1 1 1 1 1 1 1 1
285 3990 -0.29224270045173534 -8.080390286978896e-05 0.0006499604244888801 0.7633073996235448 1 1 1 1 1 1 1 1 1 1 1 1 1 1 1 1 1 1 1 1 1 1 1 1 1 1 1 1 1 1 1 1 1 1 1
286 4004 -0.29035699926635944 -0.0009382488993460262 0.00011240840582353142 0.7642326251292483 1 1 1 1 1 1 1 1 1 1 1 1 1 1 1 1 1 1 1 1 1 1 1 1 1 1 1 1 1 1 1 1 1 1 1
287 4018 -0.295514911882767 -3.116090027693782e-05 0.0001285103737126895 0.7650848649125187 1 1 1 1 1 1 1 1 1 1 1 1 1 1 1 1 1 1 1 1 1 1 1 1 1 1 1 1 1 1 1 1 1 1 1
288 4032 -0.28774235163714285 -9.558924624588987e-05 0.0002505238917848031 0.7677830345866756 1 1 1 1 1 1 1 1 1 1 1 1 1 1 1 1 1 1 1 1 1 1 1 1 1 1 1 1 1 1 1 1 1 1 1
289 4046 -0.2859189189089947 -0.0003212540369078449 0.0007157669009201124 0.7678666337408201 1 1 1 1 1 1 1 1 1 1 1 1 1 1 1 1 1 1 1 1 1 1 1 1 1 1 1 1 1 1 1 1 1 1 1
290 4060 -0.28688639958370893 -0.00030964136022394316 0.0003806175954608168 0.7659717929127876 1 1 1 1 1 1 1 1 1 1 1 1 1 1 1 1 1 1 1 1 1 1 1 1 1 1 1 1 1 1 1 1 1 1 1
291 4074 -0.28829214301803424 -0.00013775090823993274 0.00030171477427302565 0.7673757127286944 1 1 1 1 1 1 1 1 1 1 1 1 1 1 1 1 1 1 1 1 1 1 1 1 1 1 1 1 1 1 1 1 1 1 1
292 4088 -0.28866629812614386 -0.00024624252144681935 0.0009059317403790438 0.7683290538519819 1 1 1 1 1 1 1 1 1 1 1 1 1 1 1 1 1 1 1 1 1 1 1 1 1 1 1 1 1 1 1 1 1 1 1
293 4102 -0.2896469647341865 -0.0006155955145489152 0.0003574656101704754 0.7702764004246705 1 1 1 1 1 1 1 1 1 1 1 1 1 1 1 1 1 1 1 1 1 1 1 1 1 1 1 1 1 1 1 1 1 1 1
294 4116 -0.2871677214735389 -0.0003087339112748909 0.00024076360521208575 0.7701867234692459 1 1 1 1 1 1 1 1 1 1 1 1 1 1 1 1 1 1 1 1 1 1 1 1 1 1 1 1 1 1 1 1 1 1 1
295 4130 -0.28998294213401987 -0.0005491028721831158 0.00028130488899767627 0.7709437904604407 1 1 1 1 1 1 1 1 1 1 1 1 1 1 1 1 1 1 1 1 1 1 1 1 1 1 1 1 1 1 1 1 1 1 1
296 4144 -0.29126220399906483 -0.0001916705261071531 0.00029383229035858505 0.7707146755442155 1 1 1 1 1 1 1 1 1 1 1 1 1 1 1 1 1 1 1 1 1 1 1 1 1 1 1 1 1 1 1 1 1 1 1
297 4158 -0.290820572363344 -8.203237898323576e-05 0.0021034172789884103 0.7731918657954265 1 1 1 1 1 1 1 1 1 1 1 1 1 1 1 1 1 1 1 1 1 1 1 1 1 1 1 1 1 1 1 1 1 1 1
298 4172 -0.2950402705222144 -0.0003756621378526111 0.00026645406306430286 0.775420150470184 1 1 1 1 1 1 1 1 1 1 1 1 1 1 1 1 1 1 1 1 1 1 1 1 1 1 1 1 1 1 1 1 1 1 1
299 4186 -0.297669529180276 -0.0005929768570880032 0.0007296738170620729 0.7748603374874093 1 1 1 1 1 1 1 1 1 1 1 1 1 1 1 1 1 1 1 1 1 1 1 1 1 1 1 1 1 1 1 1 1 1 1
300 4200 -0.29727469604604334 -0.0001356157620009549 0.000524846848874716 0.7757436693395523 1 1 1 1 1 1 1 1 1 1 1 1 1 1 1 1 1 1 1 1 1 1 1 1 1 1 1 1 1 1 1 1 1 1 1
301 4214 -0.2991740427417397 -2.6903850711894632e-05 8.46713586842613e-05 0.7749963835945225 1 1 1 1 1 1 1 1 1 1 1 1 1 1 1 1 1 1 1 1 1 1 1 1 1 1 1 1 1 1 1 1 1 1 1
302 4228 -0.29984268984078105 -0.00028919237496252616 0.0008057391274363075 0.7775142569088004 1 1 1 1 1 1 1 1 1 1 1 1 1 1 1 1 1 1 1 1 1 1 1 1 1 1 1 1 1 1 1 1 1 1 1
303 4242 -0.2938066364461628 -0.0001351332902577084 0.0010326066929397901 0.780010724450995 1 1 1 1 1 1 1 1 1 1 1 1 1 1 1 1 1 1 1 1 1 1 1 1 1 1 1 1 1 1 1 1 1 1 1
304 4256 -0.29263286927278026 -0.0008050740677289509 4.411366178071222e-06 0.7818965296909154 1 1 1 1 1 1 1 1 1 1 1 1 1 1 1 1 1 1 1 1 1 1 1 1 1 1 1 1 1 1 1 1 1 1 1
305 4270 -0.2933061090545454 -0.00042065578591256325 0.000185491874331949 0.7827345981892843 1 1 1 1 1 1 1 1 1 1 1 1 1 1 1 1 1 1 1 1 1 1 1 1 1 1 1 1 1 1 1 1 1 1 1
306 4284 -0.2941026808975245 -0.001165825278907154 0.0002291853914762975 0.7839761289790875 1 1 1 1 1 1 1 1 1 1 1 1 1 1 1 1 1 1 1 1 1 1 1 1 1 1 1 1 1 1 1 1 1 1 1
307 4298 -0.29093172344399293 -0.0005436617612385208 9.110140374872419e-06 0.7849719268037871 1 1 1 1 1 1 1 1 1 1 1 1 1 1 1 1 1 1 1 1 1 1 1 1 1 1 1 1 1 1 1 1 1 1 1
308 4312 -0.2920544580912124 -0.0003363221352238157 0.0006596961824057015 0.7843431214851571 1 1 1 1 1 1 1 1 1 1 1 1 1 1 1 1 1 1 1 1 1 1 1 1 1 1 1 1 1 1 1 1 1 1 1
309 4326 -0.298146467430269 -0.0007918885284287613 0.0009143505121546878 0.7839629387417231 1 1 1 1 1 1 1 1 1 1 1 1 1 1 1 1 1 1 1 1 1 1 1 1 1 1 1 1 1 1 1 1 1 1 1
310 4340 -0.2957106950619082 -0.0014776266780643242 0.0005439804659873678 0.7844494419785484 1 1 1 1 1 1 1 1 1 1 1 1 1 1 1 1 1 1 1 1 1 1 1 1 1 1 1 1 1 1 1 1 1 1 1
311 4354 -0.2969805234381704 -0.0002584073510730083 0.00010629980116817886 0.7846765203635002 1 1 1 1 1 1 1 1 1 1 1 1 1 1 1 1 1 1 1 1 1 1 1 1 1 1 1 1 1 1 1 1 1 1 1
312 4368 -0.2976822558103652 -0.0006506039902113624 0.0002108784074667166 0.784050921153654 1 1 1 1 1 1 1 1 1 1 1 1 1 1 1 1 1 1 1 1 1 1 1 1 1 1 1 1 1 1 1 1 1 1 1
313 4382 -0.2983277419059467 -2.5553275143234067e-05 0.0009900216114565833 0.7861561254350521 1 1 1 1 1 1 1 1 1 1 1 1 1 1 1 1 1 1 1 1 1 1 1 1 1 1 1 1 1 1 1 1 1 1 1
314 4396 -0.29727506982478996 -0.0001888075986408277 0.00014112033464013725 0.7874792904445931 1 1 1 1 1 1 1 1 1 1 1 1 1 1 1 1 1 1 1 1 1 1 1 1 1 1 1 1 1 1 1 1 1 1 1
315 4410 -0.29697652098390714 -0.00028078060895405055 0.00010087884341626168 0.7879692083175294 1 1 1 1 1 1 1 1 1 1 1 1 1 1 1 1 1 1 1 1 1 1 1 1 1 1 1 1 1 1 1 1 1 1 1
316 4424 -0.2981177771977996 -0.0001424974962228397 0.0002244337742114414 0.7887822188046765 1 1 1 1 1 1 1 1 1 1 1 1 1 1 1 1 1 1 1 1 1 1 1 1 1 1 1 1 1 1 1 1 1 1 1
317 4438 -0.2989859605886413 -0.000670894178890924 4.674864760180753e-05 0.7892065038526391 1 1 1 1 1 1 1 1 1 1 1 1 1 1 1 1 1 1 1 1 1 1 1 1 1 1 1 1 1 1 1 1 1 1 1
318 4452 -0.3033238266383353 -0.0008959900191596316 0.00027655154319463813 0.7905346445791107 1 1 1 1 1 1 1 1 1 1 1 1 1 1 1 1 1 1 1 1 1 1 1 1 1 1 1 1 1 1 1 1 1 1 1
319 4466 -0.3053580038484137 -8.785857927546713e-06 0.0020288951580393635 0.7901391493807659 1 1 1 1 1 1 1 1 1 1 1 1 1 1 1 1 1 1 1 1 1 1 1 1 1 1 1 1 1 1 1 1 1 1 1
320 4480 -0.3047560684674463 -0.0003024282956356212 0.0011854286266619967 0.7901252271072651 1 1 1 1 1 1 1 1 1 1 1 1 1 1 1 1 1 1 1 1 1 1 1 1 1 1 1 1 1 1 1 1 1 1 1
321 4494 -0.30623502436901573 -0.0013555023323007036 0.0001221879887234871 0.7900582017591448 1 1 1 1 1 1 1 1 1 1 1 1 1 1 1 1 1 1 1 1 1 1 1 1 1 1 1 1 1 1 1 1 1 1 1
322 4508 -0.3086444529851824 -0.00020728415014924386 0.0005266118555411581 0.7924956949533083 1 1 1 1 1 1 1 1 1 1 1 1 1 1 1 1 1 1 1 1 1 1 1 1 1 1 1 1 1 1 1 1 1 1 1
323 4522 -0.30639606242694445 -1.532151017926147e-05 3.888003711079307e-05 0.7934121047463563 1 1 1 1 1 1 1 1 1 1 1 1 1 1 1 1 1 1 1 1 1 1 1 1 1 1 1 1 1 1 1 1 1 1 1
324 4536 -0.30121008676171634 -1.2234595946303677e-05 0.00013124780518848996 0.7946532211709262 1 1 1 1 1 1 1 1 1 1 1 1 1 1 1 1 1 1 1 1 1 1 1 1 1 1 1 1 1 1 1 1 1 1 1
325 4550 -0.2978858266884753 -0.0005019316379318574 5.906997785207256e-05 0.7958639155145396 1 1 1 1 1 1 1 1 1 1 1 1 1 1 1 1 1 1 1 1 1 1 1 1 1 1 1 1 1 1 1 1 1 1 1
326 4564 -0.29722423591401 -0.00011690859157962863 6.399510563935952e-05 0.7985790204537857 1 1 1 1 1 1 1 1 1 1 1 1 1 1 1 1 1 1 1 1 1 1 1 1 1 1 1 1 1 1 1 1 1 1 1
327 4578 -0.2967695623275009 -0.0020914615863567828 0.00034208461559539767 0.7997192751112794 1 1 1 1 1 1 1 1 1 1 1 1 1 1 1 1 1 1 1 1 1 1 1 1 1 1 1 1 1 1 1 1 1 1 1
328 4592 -0.29974298776909214 -4.830037290488169e-05 2.212984581403712e-05 0.7994757245155206 1 1 1 1 1 1 1 1 1 1 1 1 1 1 1 1 1 1 1 1 1 1 1 1 1 1 1 1 1 1 1 1 1 1 1
329 4606 -0.30073892729991114 -4.366336231348773e-05 9.640089530004895e-05 0.803685060175772 1 1 1 1 1 1 1 1 1 1 1 1 1 1 1 1 1 1 1 1 1 1 1 1 1 1 1 1 1 1 1 1 1 1 1
330 4620 -0.2992803483376907 -0.0004571640841571791 0.000849731473330215 0.8046740495068029 1 1 1 1 1 1 1 1 1 1 1 1 1 1 1 1 1 1 1 1 1 1 1 1 1 1 1 1 1 1 1 1 1 1 1
331 4634 -0.3014596876542907 -1.755508700125765e-05 0.00036466510232214036 0.8056579218408859 1 1 1 1 1 1 1 1 1 1 1 1 1 1 1 1 1 1 1 1 1 1 1 1 1 1 1 1 1 1 1 1 1 1 1
332 4648 -0.3009742001230676 -0.0018781016260354352 0.0006862530251764073 0.8049967596087932 1 1 1 1 1 1 1 1 1 1 1 1 1 1 1 1 1 1 1 1 1 1 1 1 1 1 1 1 1 1 1 1 1 1 1
333 4662 -0.30660854847155755 -0.001005515467291881 0.00013134935942671122 0.8061533725015606 1 1 1 1 1 1 1 1 1 1 1 1 1 1 1 1 1 1 1 1 1 1 1 1 1 1 1 1 1 1 1 1 1 1 1
334 4676 -0.30768090365653505 -0.000522748024433309 0.0016951669479022356 0.807018777044416 1 1 1 1 1 1 1 1 1 1 1 1 1 1 1 1 1 1 1 1 1 1 1 1 1 1 1 1 1 1 1 1 1 1 1
335 4690 -0.30635408580326945 -7.469260826248297e-05 0.00033094240141550265 0.8104754151100931 1 1 1 1 1 1 1 1 1 1 1 1 1 1 1 1 1 1 1 1 1 1 1 1 1 1 1 1 1 1 1 1 1 1 1
336 4704 -0.31110959089693724 -6.523040659587203e-05 0.00028609537616044664 0.8113391072524475 1 1 1 1 1 1 1 1 1 1 1 1 1 1 1 1 1 1 1 1 1 1 1 1 1 1 1 1 1 1 1 1 1 1 1
337 4718 -0.3096268813266799 -6.719697748882431e-05 0.0012345119674799987 0.8136840747636015 1 1 1 1 1 1 1 1 1 1 1 1 1 1 1 1 1 1 1 1 1 1 1 1 1 1 1 1 1 1 1 1 1 1 1
338 4732 -0.31732200079593764 -0.000594385024867846 0.0005264712358749792 0.8148993331908834 1 1 1 1 1 1 1 1 1 1 1 1 1 1 1 1 1 1 1 1 1 1 1 1 1 1 1 1 1 1 1 1 1 1 1
339 4746 -0.31883045388185693 -0.0005901120388675947 7.394610696530903e-05 0.8162109540136819 1 1 1 1 1 1 1 1 1 1 1 1 1 1 1 1 1 1 1 1 1 1 1 1 1 1 1 1 1 1 1 1 1 1 1
340 4760 -0.31496881327904125 -0.00013229840776607008 0.0008706507050884167 0.8157442896443081 1 1 1 1 1 1 1 1 1 1 1 1 1 1 1 1 1 1 1 1 1 1 1 1 1 1 1 1 1 1 1 1 1 1 1
341 4774 -0.3184953258629236 -3.054989785935927e-05 0.00117595773134031 0.8171211519994894 1 1 1 1 1 1 1 1 1 1 1 1 1 1 1 1 1 1 1 1 1 1 1 1 1 1 1 1 1 1 1 1 1 1 1
342 4788 -0.31835999709598556 -0.0005994252358787658 0.00050949722065891 0.818279588257302 1 1 1 1 1 1 1 1 1 1 1 1 1 1 1 1 1 1 1 1 1 1 1 1 1 1 1 1 1 1 1 1 1 1 1
343 4802 -0.3214795987575742 -0.00032693872282452054 0.0011720168389032183 0.8193725595963093 1 1 1 1 1 1 1 1 1 1 1 1 1 1 1 1 1 1 1 1 1 1 1 1 1 1 1 1 1 1 1 1 1 1 1
344 4816 -0.3226044271518291 -0.0006464440245749065 0.0006076598694143344 0.8191232898703568 1 1 1 1 1 1 1 1 1 1 1 1 1 1 1 1 1 1 1 1 1 1 1 1 1 1 1 1 1 1 1 1 1 1 1
345 4830 -0.32101122880277566 -1.3404508323659118e-05 5.8749496074704714e-05 0.8218409297848206 1 1 1 1 1 1 1 1 1 1 1 1 1 1 1 1 1 1 1 1 1 1 1 1 1 1 1 1 1 1 1 1 1 1 1
346 4844 -0.3196413106688342 -0.0003345812070723094 0.0006174872237239917 0.8207867777216644 1 1 1 1 1 1 1 1 1 1 1 1 1 1 1 1 1 1 1 1 1 1 1 1 1 1 1 1 1 1 1 1 1 1 1
347 4858 -0.3160883467119125 -0.0008793759333989514 0.0004360533272998354 0.8215446152877315 1 1 1 1 1 1 1 1 1 1 1 1 1 1 1 1 1 1 1 1 1 1 1 1 1 1 1 1 1 1 1 1 1 1 1
348 4872 -0.31596405313175113 -3.7286240337785096e-05 0.0013680093477871098 0.822143996559723 1 1 1 1 1 1 1 1 1 1 1 1 1 1 1 1 1 1 1 1 1 1 1 1 1 1 1 1 1 1 1 1 1 1 1
349 4886 -0.3147415557167527 -1.1280951100016082e-05 0.000229735093674388 0.8236147430569376 1 1 1 1 1 1 1 1 1 1 1 1 1 1 1 1 1 1 1 1 1 1 1 1 1 1 1 1 1 1 1 1 1 1 1
350 4900 -0.31273840282680404 -0.0011849579288848065 0.0007251539337425367 0.8245427927895567 1 1 1 1 1 1 1 1 1 1 1 1 1 1 1 1 1 1 1 1 1 1 1 1 1 1 1 1 1 1 1 1 1 1 1
351 4914 -0.3134336968382809 -5.085347905605211e-05 0.0007281518794842233 0.8253273372771143 1 1 1 1 1 1 1 1 1 1 1 1 1 1 1 1 1 1 1 1 1 1 1 1 1 1 1 1 1 1 1 1 1 1 1
352 4928 -0.31078553536741066 -0.0003661388640230882 0.0002681785441181854 0.8255087321769549 1 1 1 1 1 1 1 1 1 1 1 1 1 1 1 1 1 1 1 1 1 1 1 1 1 1 1 1 1 1 1 1 1 1 1
353 4942 -0.30808001004062235 -0.0001251675582111455 6.457728054274899e-05 0.8253978232338053 1 1 1 1 1 1 1 1 1 1 1 1 1 1 1 1 1 1 1 1 1 1 1 1 1 1 1 1 1 1 1 1 1 1 1
354 4956 -0.30934884515224986 -0.00013278459154685997 9.96896341462981e-05 0.8243881866223398 1 1 1 1 1 1 1 1 1 1 1 1 1 1 1 1 1 1 1 1 1 1 1 1 1 1 1 1 1 1 1 1 1 1 1
355 4970 -0.31122754610062514 -0.0007699069571275956 0.000335082108786302 0.824916276024795 1 1 1 1 1 1 1 1 1 1 1 1 1 1 1 1 1 1 1 1 1 1 1 1 1 1 1 1 1 1 1 1 1 1 1
356 4984 -0.3103510739208427 -1.128333703606725e-05 0.0016356852303338987 0.8253227377096557 1 1 1 1 1 1 1 1 1 1 1 1 1 1 1 1 1 1 1 1 1 1 1 1 1 1 1 1 1 1 1 1 1 1 1
357 4998 -0.3082900541032065 -0.0003679469516221181 0.0007242906309676706 0.8296299641439672 1 1 1 1 1 1 1 1 1 1 1 1 1 1 1 1 1 1 1 1 1 1 1 1 1 1 1 1 1 1 1 1 1 1 1
358 5012 -0.30850574407886644 -0.0007989271660361541 0.0004023132325818871 0.8302625927753343 1 1 1 1 1 1 1 1 1 1 1 1 1 1 1 1 1 1 1 1 1 1 1 1 1 1 1 1 1 1 1 1 1 1 1
359 5026 -0.3092851589773021 -1.2902692990324866e-05 0.00032367184447673635 0.8307860284213766 1 1 1 1 1 1 1 1 1 1 1 1 1 1 1 1 1 1 1 1 1 1 1 1 1 1 1 1 1 1 1 1 1 1 1
360 5040 -0.308607132217943 -0.00025381942336830164 4.3165593200538154e-05 0.8322371264370539 1 1 1 1 1 1 1 1 1 1 1 1 1 1 1 1 1 1 1 1 1 1 1 1 1 1 1 1 1 1 1 1 1 1 1
361 5054 -0.3096068574088738 -7.439747665070283e-05 0.001774748736489348 0.8327904316650596 1 1 1 1 1 1 1 1 1 1 1 1 1 1 1 1 1 1 1 1 1 1 1 1 1 1 1 1 1 1 1 1 1 1 1
362 5068 -0.3157125581812224 -0.0009078944351707368 8.102832299774145e-05 0.8355858556402311 1 1 1 1 1 1 1 1 1 1 1 1 1 1 1 1 1 1 1 1 1 1 1 1 1 1 1 1 1 1 1 1 1 1 1
363 5082 -0.31720129210983844 -0.00027048282014621435 0.0005895579484642798 0.836594837728789 1 1 1 1 1 1 1 1 1 1 1 1 1 1 1 1 1 1 1 1 1 1 1 1 1 1 1 1 1 1 1 1 1 1 1
364 5096 -0.31952786896269225 -0.00014371162413063436 0.0005135432564248928 0.8361969785752202 1 1 1 1 1 1 1 1 1 1 1 1 1 1 1 1 1 1 1 1 1 1 1 1 1 1 1 1 1 1 1 1 1 1 1
365 5110 -0.3184900737650018 -0.00033400482119630133 0.00019994797533890923 0.8366714115805024 1 1 1 1 1 1 1 1 1 1 1 1 1 1 1 1 1 1 1 1 1 1 1 1 1 1 1 1 1 1 1 1 1 1 1
366 5124 -0.3187749433693302 -0.00016177387261507672 0.0002204116011418391 0.8372790784612144 1 1 1 1 1 1 1 1 1 1 1 1 1 1 1 1 1 1 1 1 1 1 1 1 1 1 1 1 1 1 1 1 1 1 1
367 5138 -0.31734388755387605 -0.00021857448787243865 0.0003492002729540547 0.8382157482747747 1 1 1 1 1 1 1 1 1 1 1 1 1 1 1 1 1 1 1 1 1 1 1 1 1 1 1 1 1 1 1 1 1 1 1
368 5152 -0.3176415267879636 -0.001089531822372718 0.00021969756771855067 0.8382281357387783 1 1 1 1 1 1 1 1 1 1 1 1 1 1 1 1 1 1 1 1 1 1 1 1 1 1 1 1 1 1 1 1 1 1 1
369 5166 -0.31680237795958666 -0.00025165181593789145 5.744464796684776e-06 0.8399825312450265 1 1 1 1 1 1 1 1 1 1 1 1 1 1 1 1 1 1 1 1 1 1 1 1 1 1 1 1 1 1 1 1 1 1 1
370 5180 -0.31101723361033845 -0.0006615633727134178 6.743781374347522e-05 0.8403204078133126 1 1 1 1 1 1 1 1 1 1 1 1 1 1 1 1 1 1 1 1 1 1 1 1 1 1 1 1 1 1 1 1 1 1 1
371 5194 -0.3176730319178255 -0.000838840510808669 0.002599291267744996 0.8411223736228345 1 1 1 1 1 1 1 1 1 1 1 1 1 1 1 1 1 1 1 1 1 1 1 1 1 1 1 1 1 1 1 1 1 1 1
372 5208 -0.3179110594300829 -0.0005386172938497588 0.00067830491782771 0.8414765760365677 1 1 1 1 1 1 1 1 1 1 1 1 1 1 1 1 1 1 1 1 1 1 1 1 1 1 1 1 1 1 1 1 1 1 1
373 5222 -0.3156117204835247 -0.00019174169845323068 4.370301467797592e-05 0.8420253743611639 1 1 1 1 1 1 1 1 1 1 1 1 1 1 1 1 1 1 1 1 1 1 1 1 1 1 1 1 1 1 1 1 1 1 1
374 5236 -0.3169759258406821 -0.0003768289694262623 0.0001068673446161957 0.842403194514611 1 1 1 1 1 1 1 1 1 1 1 1 1 1 1 1 1 1 1 1 1 1 1 1 1 1 1 1 1 1 1 1 1 1 1
375 5250 -0.3173493615553427 -0.0002544349464349536 0.0010635001458939625 0.842866786316881 1 1 1 1 1 1 1 1 1 1 1 1 1 1 1 1 1 1 1 1 1 1 1 1 1 1 1 1 1 1 1 1 1 1 1
376 5264 -0.31818114816026405 -0.00011347818244618898 3.675529191295591e-05 0.8441199401104533 1 1 1 1 1 1 1 1 1 1 1 1 1 1 1 1 1 1 1 1 1 1 1 1 1 1 1 1 1 1 1 1 1 1 1
377 5278 -0.32049960431440033 -5.3571629766746584e-05 0.0005656497146809611 0.8440363698902511 1 1 1 1 1 1 1 1 1 1 1 1 1 1 1 1 1 1 1 1 1 1 1 1 1 1 1 1 1 1 1 1 1 1 1
378 5292 -0.31905375581369066 -0.0010323793599793026 0.0011124712933709127 0.8443990575532333 1 1 1 1 1 1 1 1 1 1 1 1 1 1 1 1 1 1 1 1 1 1 1 1 1 1 1 1 1 1 1 1 1 1 1
379 5306 -0.31962139275746426 -0.00010277411570385478 0.0005079438373482077 0.8451105554107354 1 1 1 1 1 1 1 1 1 1 1 1 1 1 1 1 1 1 1 1 1 1 1 1 1 1 1 1 1 1 1 1 1 1 1
380 5320 -0.3202245326521919 -0.0006647530475263889 0.00011294545520900342 0.8462820355789967 1 1 1 1 1 1 1 1 1 1 1 1 1 1 1 1 1 1 1 1 1 1 1 1 1 1 1 1 1 1 1 1 1 1 1
381 5334 -0.32184660482956917 -0.0001852812906373069 6.584385370707846e-05 0.8474435547432426 1 1 1 1 1 1 1 1 1 1 1 1 1 1 1 1 1 1 1 1 1 1 1 1 1 1 1 1 1 1 1 1 1 1 1
382 5348 -0.32316333328295277 -0.00019338105586044882 0.0011222257107199453 0.8463404439646792 1 1 1 1 1 1 1 1 1 1 1 1 1 1 1 1 1 1 1 1 1 1 1 1 1 1 1 1 1 1 1 1 1 1 1
383 5362 -0.32540205626568064 -2.4652131145812834e-05 4.131900987111925e-05 0.8483529792151455 1 1 1 1 1 1 1 1 1 1 1 1 1 1 1 1 1 1 1 1 1 1 1 1 1 1 1 1 1 1 1 1 1 1 1
384 5376 -0.32837613197101195 -0.001126847157716309 0.0005415453453084618 0.8487962664117408 1 1 1 1 1 1 1 1 1 1 1 1 1 1 1 1 1 1 1 1 1 1 1 1 1 1 1 1 1 1 1 1 1 1 1
385 5390 -0.3278353341329615 -3.409481499926002e-05 0.00034260017743995924 0.8507398034779142 1 1 1 1 1 1 1 1 1 1 1 1 1 1 1 1 1 1 1 1 1 1 1 1 1 1 1 1 1 1 1 1 1 1 1
386 5404 -0.3269884596565076 -0.0004466139783707355 3.9622867181867324e-05 0.8516192485479605 1 1 1 1 1 1 1 1 1 1 1 1 1 1 1 1 1 1 1 1 1 1 1 1 1 1 1 1 1 1 1 1 1 1 1
387 5418 -0.32453662419535984 -0.00018630064006134312 0.000854343685123346 0.8510135320705526 1 1 1 1 1 1 1 1 1 1 1 1 1 1 1 1 1 1 1 1 1 1 1 1 1 1 1 1 1 1 1 1 1 1 1
388 5432 -0.32385445354801917 -0.00010053430730189995 0.0002358690877220261 0.8500634730687301 1 1 1 1 1 1 1 1 1 1 1 1 1 1 1 1 1 1 1 1 1 1 1 1 1 1 1 1 1 1 1 1 1 1 1
389 5446 -0.31699766564530096 -0.000452958504473205 0.00048261360642851543 0.8492010683508044 1 1 1 1 1 1 1 1 1 1 1 1 1 1 1 1 1 1 1 1 1 1 1 1 1 1 1 1 1 1 1 1 1 1 1
390 5460 -0.315299995948952 -2.487792552571785e-05 0.0007870188039602937 0.8494089960446776 1 1 1 1 1 1 1 1 1 1 1 1 1 1 1 1 1 1 1 1 1 1 1 1 1 1 1 1 1 1 1 1 1 1 1
391 5474 -0.3162664112398472 -0.00032821997011909577 0.0011967265478720717 0.8483962455701185 1 1 1 1 1 1 1 1 1 1 1 1 1 1 1 1 1 1 1 1 1 1 1 1 1 1 1 1 1 1 1 1 1 1 1
392 5488 -0.31768848957066653 -0.00014521420261534254 0.0017718257342538536 0.8463473938586089 1 1 1 1 1 1 1 1 1 1 1 1 1 1 1 1 1 1 1 1 1 1 1 1 1 1 1 1 1 1 1 1 1 1 1
393 5502 -0.3195550369145693 -0.0015868014821458051 3.9829541306814586e-05 0.8467838121197363 1 1 1 1 1 1 1 1 1 1 1 1 1 1 1 1 1 1 1 1 1 1 1 1 1 1 1 1 1 1 1 1 1 1 1
394 5516 -0.3209601079879285 -0.0013941171359936704 0.0007645454314312807 0.8464997734298142 1 1 1 1 1 1 1 1 1 1 1 1 1 1 1 1 1 1 1 1 1 1 1 1 1 1 1 1 1 1 1 1 1 1 1
395 5530 -0.3224337034104029 -0.00045469541558883746 0.0003471315751716314 0.8464538845381359 1 1 1 1 1 1 1 1 1 1 1 1 1 1 1 1 1 1 1 1 1 1 1 1 1 1 1 1 1 1 1 1 1 1 1
396 5544 -0.32253599871826266 -0.0005711539436534711 0.0005743375632120681 0.8481097932358258 1 1 1 1 1 1 1 1 1 1 1 1 1 1 1 1 1 1 1 1 1 1 1 1 1 1 1 1 1 1 1 1 1 1 1
397 5558 -0.3236957208954958 -0.0004040210354528071 1.58251036101895e-05 0.8487579906265675 1 1 1 1 1 1 1 1 1 1 1 1 1 1 1 1 1 1 1 1 1 1 1 1 1 1 1 1 1 1 1 1 1 1 1
398 5572 -0.32408444777630396 -0.002314153253198383 0.0002332472600187751 0.8495496738526321 1 1 1 1 1 1 1 1 1 1 1 1 1 1 1 1 1 1 1 1 1 1 1 1 1 1 1 1 1 1 1 1 1 1 1
399 5586 -0.3237007322710739 -0.00027252176730581563 0.00043366253445480953 0.8496445640579016 1 1 1 1 1 1 1 1 1 1 1 1 1 1 1 1 1 1 1 1 1 1 1 1 1 1 1 1 1 1 1 1 1 1 1
400 5600 -0.32271938139048356 -0.0012037285772998694 4.2382673147850986e-05 0.8504457248835279 1 1 1 1 1 1 1 1 1 1 1 1 1 1 1 1 1 1 1 1 1 1 1 1 1 1 1 1 1 1 1 1 1 1 1
401 5614 -0.3255700975642637 -0.0002012456719283025 0.0010081985491694884 0.8520032725093726 1 1 1 1 1 1 1 1 1 1 1 1 1 1 1 1 1 1 1 1 1 1 1 1 1 1 1 1 1 1 1 1 1 1 1
402 5628 -0.3269655322093054 -0.0010068982378956047 1.3879076914207995e-05 0.8526665337322998 1 1 1 1 1 1 1 1 1 1 1 1 1 1 1 1 1 1 1 1 1 1 1 1 1 1 1 1 1 1 1 1 1 1 1
403 5642 -0.3265526937939512 -0.00045537121598565134 0.0002863253795666045 0.85249677732286 1 1 1 1 1 1 1 1 1 1 1 1 1 1 1 1 1 1 1 1 1 1 1 1 1 1 1 1 1 1 1 1 1 1 1
404 5656 -0.32783429916790935 -0.001184612916925952 0.0003971877233836185 0.8532203939568472 1 1 1 1 1 1 1 1 1 1 1 1 1 1 1 1 1 1 1 1 1 1 1 1 1 1 1 1 1 1 1 1 1 1 1
405 5670 -0.3267087330106253 -0.0005355509111447802 0.00041469504934963915 0.852705848784475 1 1 1 1 1 1 1 1 1 1 1 1 1 1 1 1 1 1 1 1 1 1 1 1 1 1 1 1 1 1 1 1 1 1 1
406 5684 -0.3274024006558923 -0.00022312925054461795 0.00020016512376756144 0.8529533916947705 1 1 1 1 1 1 1 1 1 1 1 1 1 1 1 1 1 1 1 1 1 1 1 1 1 1 1 1 1 1 1 1 1 1 1
407 5698 -0.323303022904287 -0.0007454975596792231 0.00032849015634070044 0.8529986081848537 1 1 1 1 1 1 1 1 1 1 1 1 1 1 1 1 1 1 1 1 1 1 1 1 1 1 1 1 1 1 1 1 1 1 1
408 5712 -0.32144924064562524 -0.00012584475932614884 2.0274935120465846e-05 0.8533520985512321 1 1 1 1 1 1 1 1 1 1 1 1 1 1 1 1 1 1 1 1 1 1 1 1 1 1 1 1 1 1 1 1 1 1 1
409 5726 -0.3204671057323472 -0.0005703955834696634 0.0004311232974139798 0.8527487742883665 1 1 1 1 1 1 1 1 1 1 1 1 1 1 1 1 1 1 1 1 1 1 1 1 1 1 1 1 1 1 1 1 1 1 1
410 5740 -0.32389945714800444 -0.00048289863267594803 3.2130987163055014e-05 0.852522098563844 1 1 1 1 1 1 1 1 1 1 1 1 1 1 1 1 1 1 1 1 1 1 1 1 1 1 1 1 1 1 1 1 1 1 1
411 5754 -0.32392243864687187 -0.0006202398752633406 0.0003923696685242997 0.8543235425629688 1 1 1 1 1 1 1 1 1 1 1 1 1 1 1 1 1 1 1 1 1 1 1 1 1 1 1 1 1 1 1 1 1 1 1
412 5768 -0.32518943698353997 -8.405430524730071e-06 0.0006203953529548101 0.8556316816170797 1 1 1 1 1 1 1 1 1 1 1 1 1 1 1 1 1 1 1 1 1 1 1 1 1 1 1 1 1 1 1 1 1 1 1
413 5782 -0.3255614471409069 -0.00029808229949024084 0.0009616265008343672 0.8563053746580348 1 1 1 1 1 1 1 1 1 1 1 1 1 1 1 1 1 1 1 1 1 1 1 1 1 1 1 1 1 1 1 1 1 1 1
414 5796 -0.323657544942879 -0.00122623285351543 0.0003533401515992474 0.8560412026869633 1 1 1 1 1 1 1 1 1 1 1 1 1 1 1 1 1 1 1 1 1 1 1 1 1 1 1 1 1 1 1 1 1 1 1
415 5810 -0.3224647263579527 -0.00027482688847623956 0.0003922004751834629 0.8576658901718635 1 1 1 1 1 1 1 1 1 1 1 1 1 1 1 1 1 1 1 1 1 1 1 1 1 1 1 1 1 1 1 1 1 1 1
416 5824 -0.32458912356952574 -0.00022867918275024885 0.00036977670679849543 0.857699428795585 1 1 1 1 1 1 1 1 1 1 1 1 1 1 1 1 1 1 1 1 1 1 1 1 1 1 1 1 1 1 1 1 1 1 1
417 5838 -0.32734083311228834 -4.5369735249542435e-05 0.00032278827245315917 0.8588334075221693 1 1 1 1 1 1 1 1 1 1 1 1 1 1 1 1 1 1 1 1 1 1 1 1 1 1 1 1 1 1 1 1 1 1 1
418 5852 -0.32890862917964814 -0.0012563835455031318 0.0001767287974541226 0.8595410716804104 1 1 1 1 1 1 1 1 1 1 1 1 1 1 1 1 1 1 1 1 1 1 1 1 1 1 1 1 1 1 1 1 1 1 1
419 5866 -0.32901056558747704 -0.0006784810653080138 0.0001444462192870403 0.8603625356773039 1 1 1 1 1 1 1 1 1 1 1 1 1 1 1 1 1 1 1 1 1 1 1 1 1 1 1 1 1 1 1 1 1 1 1
420 5880 -0.3286869739396825 -0.0006518205898301218 0.00045685773539892954 0.8609649550535464 1 1 1 1 1 1 1 1 1 1 1 1 1 1 1 1 1 1 1 1 1 1 1 1 1 1 1 1 1 1 1 1 1 1 1
421 5894 -0.32588971957296764 -5.065809075332623e-06 0.00015946880477924692 0.8617438422902991 1 1 1 1 1 1 1 1 1 1 1 1 1 1 1 1 1 1 1 1 1 1 1 1 1 1 1 1 1 1 1 1 1 1 1
422 5908 -0.32368634914641 -0.0004796785314596687 0.002241385867007413 0.8616345388870208 1 1 1 1 1 1 1 1 1 1 1 1 1 1 1 1 1 1 1 1 1 1 1 1 1 1 1 1 1 1 1 1 1 1 1
423 5922 -0.3231324977804975 -9.96205433102371e-05 0.0003024006633394686 0.8626496954393172 1 1 1 1 1 1 1 1 1 1 1 1 1 1 1 1 1 1 1 1 1 1 1 1 1 1 1 1 1 1 1 1 1 1 1
424 5936 -0.3217539645140766 -0.0007536691759503851 0.0005657979613649917 0.863748786524049 1 1 1 1 1 1 1 1 1 1 1 1 1 1 1 1 1 1 1 1 1 1 1 1 1 1 1 1 1 1 1 1 1 1 1
425 5950 -0.3215561806071682 -0.00010626739009950801 0.00015365210687620613 0.8643864325549746 1 1 1 1 1 1 1 1 1 1 1 1 1 1 1 1 1 1 1 1 1 1 1 1 1 1 1 1 1 1 1 1 1 1 1
426 5964 -0.3234951736691736 -0.0002805791291988062 0.0003326331943359184 0.8639572360597674 1 1 1 1 1 1 1 1 1 1 1 1 1 1 1 1 1 1 1 1 1 1 1 1 1 1 1 1 1 1 1 1 1 1 1
427 5978 -0.32648930033226925 -4.318094768534253e-05 0.0006483240045877996 0.8640518920772897 1 1 1 1 1 1 1 1 1 1 1 1 1 1 1 1 1 1 1 1 1 1 1 1 1 1 1 1 1 1 1 1 1 1 1
428 5992 -0.3276448748626827 -0.0001967908076575604 0.00015138683749839173 0.8622115724879511 1 1 1 1 1 1 1 1 1 1 1 1 1 1 1 1 1 1 1 1 1 1 1 1 1 1 1 1 1 1 1 1 1 1 1
429 6006 -0.3250110724297913 -0.00016177538739096744 0.0001298305550190465 0.8622518416914399 1 1 1 1 1 1 1 1 1 1 1 1 1 1 1 1 1 1 1 1 1 1 1 1 1 1 1 1 1 1 1 1 1 1 1
430 6020 -0.3238939327503932 -1.1919429450721916e-06 0.001222361843187914 0.8626310224366834 1 1 1 1 1 1 1 1 1 1 1 1 1 1 1 1 1 1 1 1 1 1 1 1 1 1 1 1 1 1 1 1 1 1 1
431 6034 -0.32521403685219713 -0.0008367895479920588 0.00032282451546780585 0.863025858363585 1 1 1 1 1 1 1 1 1 1 1 1 1 1 1 1 1 1 1 1 1 1 1 1 1 1 1 1 1 1 1 1 1 1 1
432 6048 -0.3236667882538212 -3.005212616870018e-05 0.0005294249565334084 0.8630793744752637 1 1 1 1 1 1 1 1 1 1 1 1 1 1 1 1 1 1 1 1 1 1 1 1 1 1 1 1 1 1 1 1 1 1 1
433 6062 -0.3214171681152678 -0.0009215992040138758 0.00035041294908170996 0.8626929713710053 1 1 1 1 1 1 1 1 1 1 1 1 1 1 1 1 1 1 1 1 1 1 1 1 1 1 1 1 1 1 1 1 1 1 1
434 6076 -0.3230572142838153 -0.0006267388513212368 0.0008340494256278814 0.8641592684228997 1 1 1 1 1 1 1 1 1 1 1 1 1 1 1 1 1 1 1 1 1 1 1 1 1 1 1 1 1 1 1 1 1 1 1
435 6090 -0.32332131943048453 -5.218062777464167e-05 0.0003305838920275452 0.8634131957726358 1 1 1 1 1 1 1 1 1 1 1 1 1 1 1 1 1 1 1 1 1 1 1 1 1 1 1 1 1 1 1 1 1 1 1
436 6104 -0.32654980108051374 -0.0001751964227148207 4.87764013738638e-05 0.8635584475325001 1 1 1 1 1 1 1 1 1 1 1 1 1 1 1 1 1 1 1 1 1 1 1 1 1 1 1 1 1 1 1 1 1 1 1
437 6118 -0.32792038172313975 -0.0005268788048914696 0.00026696175681426666 0.8647204918501287 1 1 1 1 1 1 1 1 1 1 1 1 1 1 1 1 1 1 1 1 1 1 1 1 1 1 1 1 1 1 1 1 1 1 1
438 6132 -0.32958921101872324 -3.4840537394639054e-05 3.8527467146093054e-05 0.8641806598057039 1 1 1 1 1 1 1 1 1 1 1 1 1 1 1 1 1 1 1 1 1 1 1 1 1 1 1 1 1 1 1 1 1 1 1
439 6146 -0.3283017660248115 -0.002368146384615407 6.074860437550775e-05 0.8646673977499151 1 1 1 1 1 1 1 1 1 1 1 1 1 1 1 1 1 1 1 1 1 1 1 1 1 1 1 1 1 1 1 1 1 1 1
440 6160 -0.3277906146569954 -0.0014758317442539013 0.0008533501766814447 0.8649496411342169 1 1 1 1 1 1 1 1 1 1 1 1 1 1 1 1 1 1 1 1 1 1 1 1 1 1 1 1 1 1 1 1 1 1 1
441 6174 -0.327175862204317 -0.00030904604441767423 0.00029674342259707265 0.8656555097006526 1 1 1 1 1 1 1 1 1 1 1 1 1 1 1 1 1 1 1 1 1 1 1 1 1 1 1 1 1 1 1 1 1 1 1
442 6188 -0.3297874177861886 -0.00030794437210243983 0.0005055415438959419 0.8650949717278251 1 1 1 1 1 1 1 1 1 1 1 1 1 1 1 1 1 1 1 1 1 1 1 1 1 1 1 1 1 1 1 1 1 1 1
443 6202 -0.3288949631332889 -0.0002917454975671432 0.0001554315027409436 0.8655539492018172 1 1 1 1 1 1 1 1 1 1 1 1 1 1 1 1 1 1 1 1 1 1 1 1 1 1 1 1 1 1 1 1 1 1 1
444 6216 -0.32844645853991883 -0.0008665027097771638 0.0005006280654506983 0.865397069548099 1 1 1 1 1 1 1 1 1 1 1 1 1 1 1 1 1 1 1 1 1 1 1 1 1 1 1 1 1 1 1 1 1 1 1
445 6230 -0.3340524928244105 -0.00013763478997206642 0.0009884339065682336 0.8667300651107126 1 1 1 1 1 1 1 1 1 1 1 1 1 1 1 1 1 1 1 1 1 1 1 1 1 1 1 1 1 1 1 1 1 1 1
446 6244 -0.33289203097013925 -0.00014029218772623715 0.0012356774822262187 0.8672529233465003 1 1 1 1 1 1 1 1 1 1 1 1 1 1 1 1 1 1 1 1 1 1 1 1 1 1 1 1 1 1 1 1 1 1 1
447 6258 -0.33010432531291606 -0.0005917058652878391 7.226070628345741e-05 0.867610692651912 1 1 1 1 1 1 1 1 1 1 1 1 1 1 1 1 1 1 1 1 1 1 1 1 1 1 1 1 1 1 1 1 1 1 1
448 6272 -0.32780391322194646 -0.0008027497212115694 0.0008736237625991119 0.8704661493015152 1 1 1 1 1 1 1 1 1 1 1 1 1 1 1 1 1 1 1 1 1 1 1 1 1 1 1 1 1 1 1 1 1 1 1
449 6286 -0.32658037319191663 -0.0001755281215722832 0.00015775834693224273 0.8715595265229762 1 1 1 1 1 1 1 1 1 1 1 1 1 1 1 1 1 1 1 1 1 1 1 1 1 1 1 1 1 1 1 1 1 1 1
450 6300 -0.3291410351314821 -1.8724485864270134e-05 0.000535981715845767 0.8710482632658596 1 1 1 1 1 1 1 1 1 1 1 1 1 1 1 1 1 1 1 1 1 1 1 1 1 1 1 1 1 1 1 1 1 1 1
451 6314 -0.3304351758978255 -0.0001391942726672269 2.77872902701832e-05 0.8720476424386809 1 1 1 1 1 1 1 1 1 1 1 1 1 1 1 1 1 1 1 1 1 1 1 1 1 1 1 1 1 1 1 1 1 1 1
452 6328 -0.33240252710605306 -3.626095892047217e-05 0.0008511321360478085 0.8726247025327197 1 1 1 1 1 1 1 1 1 1 1 1 1 1 1 1 1 1 1 1 1 1 1 1 1 1 1 1 1 1 1 1 1 1 1
453 6342 -0.33440508428672017 -0.00038437878897565044 0.0004346751724130187 0.8738927304358136 1 1 1 1 1 1 1 1 1 1 1 1 1 1 1 1 1 1 1 1 1 1 1 1 1 1 1 1 1 1 1 1 1 1 1
454 6356 -0.33398062054169386 -0.0011286967460127878 0.00029211490917933604 0.8767837988582198 1 1 1 1 1 1 1 1 1 1 1 1 1 1 1 1 1 1 1 1 1 1 1 1 1 1 1 1 1 1 1 1 1 1 1
455 6370 -0.3334090989235332 -4.169155450129395e-05 0.0013024555122819496 0.8782635191319598 1 1 1 1 1 1 1 1 1 1 1 1 1 1 1 1 1 1 1 1 1 1 1 1 1 1 1 1 1 1 1 1 1 1 1
456 6384 -0.3347873039453738 -0.0001263244870546263 0.00019377065669769916 0.8792263164674695 1 1 1 1 1 1 1 1 1 1 1 1 1 1 1 1 1 1 1 1 1 1 1 1 1 1 1 1 1 1 1 1 1 1 1
457 6398 -0.3351088254692554 -0.00016465152819975074 0.0004898118670909884 0.8797761542517508 1 1 1 1 1 1 1 1 1 1 1 1 1 1 1 1 1 1 1 1 1 1 1 1 1 1 1 1 1 1 1 1 1 1 1
458 6412 -0.3353856216283943 -0.0007143551120501752 0.00048100625423796593 0.8799671789691931 1 1 1 1 1 1 1 1 1 1 1 1 1 1 1 1 1 1 1 1 1 1 1 1 1 1 1 1 1 1 1 1 1 1 1
459 6426 -0.3368909883337574 -0.0001335974832693366 0.0005786737005149965 0.8796697082671033 1 1 1 1 1 1 1 1 1 1 1 1 1 1 1 1 1 1 1 1 1 1 1 1 1 1 1 1 1 1 1 1 1 1 1
460 6440 -0.3353376664597211 -0.0006210943419618513 0.000829434079926126 0.8801741277923363 1 1 1 1 1 1 1 1 1 1 1 1 1 1 1 1 1 1 1 1 1 1 1 1 1 1 1 1 1 1 1 1 1 1 1
461 6454 -0.3323866456881606 -0.0006665140334352765 1.0374154661928608e-05 0.8807567066311704 1 1 1 1 1 1 1 1 1 1 1 1 1 1 1 1 1 1 1 1 1 1 1 1 1 1 1 1 1 1 1 1 1 1 1
462 6468 -0.33172813908862525 -0.0004230657544681316 0.0003352468175168757 0.8809376270904641 1 1 1 1 1 1 1 1 1 1 1 1 1 1 1 1 1 1 1 1 1 1 1 1 1 1 1 1 1 1 1 1 1 1 1
463 6482 -0.33190224627434284 -0.00032074417544588956 0.0008514019153838399 0.8819101901472596 1 1 1 1 1 1 1 1 1 1 1 1 1 1 1 1 1 1 1 1 1 1 1 1 1 1 1 1 1 1 1 1 1 1 1
464 6496 -0.3288170165824338 -0.0005193444908113405 0.0005035367515088141 0.8826733240158123 1 1 1 1 1 1 1 1 1 1 1 1 1 1 1 1 1 1 1 1 1 1 1 1 1 1 1 1 1 1 1 1 1 1 1
465 6510 -0.3275649557387692 -0.0006380677218571665 0.0006125772345403296 0.8817761998293507 1 1 1 1 1 1 1 1 1 1 1 1 1 1 1 1 1 1 1 1 1 1 1 1 1 1 1 1 1 1 1 1 1 1 1
466 6524 -0.32339168553472947 -0.000787612890599145 0.00021867257229980574 0.8829647011124441 1 1 1 1 1 1 1 1 1 1 1 1 1 1 1 1 1 1 1 1 1 1 1 1 1 1 1 1 1 1 1 1 1 1 1
467 6538 -0.3250459767189775 -0.00018444165550197603 0.0005317372076067313 0.8826965291527715 1 1 1 1 1 1 1 1 1 1 1 1 1 1 1 1 1 1 1 1 1 1 1 1 1 1 1 1 1 1 1 1 1 1 1
468 6552 -0.32428863046989087 -3.765934759751368e-05 2.3799615043244484e-05 0.883554869227103 1 1 1 1 1 1 1 1 1 1 1 1 1 1 1 1 1 1 1 1 1 1 1 1 1 1 1 1 1 1 1 1 1 1 1
469 6566 -0.3237589685661303 -0.0006675251225534468 0.0005895695810100906 0.8836885695756393 1 1 1 1 1 1 1 1 1 1 1 1 1 1 1 1 1 1 1 1 1 1 1 1 1 1 1 1 1 1 1 1 1 1 1
470 6580 -0.3261984746347958 -3.253760369249648e-05 0.0004950337115932095 0.8839950095863965 1 1 1 1 1 1 1 1 1 1 1 1 1 1 1 1 1 1 1 1 1 1 1 1 1 1 1 1 1 1 1 1 1 1 1
471 6594 -0.32488089306080603 -0.00035037417258073337 0.001053700546662881 0.8844696859068045 1 1 1 1 1 1 1 1 1 1 1 1 1 1 1 1 1 1 1 1 1 1 1 1 1 1 1 1 1 1 1 1 1 1 1
472 6608 -0.3249048925548768 -0.00042469438012037467 0.0005432675553224889 0.8840466356940868 1 1 1 1 1 1 1 1 1 1 1 1 1 1 1 1 1 1 1 1 1 1 1 1 1 1 1 1 1 1 1 1 1 1 1
