% # columns="iteration, evaluation, sigma, axis ratio, bestever, best, median, worst objective function value, further objective values of best", seed=875656, Wed Jan 24 16:37:59 2018, <python>{}</python>
1 14 0.09450737046627697 1.0000485726081825 8.915681008291621 8.9156810082916209e+00 1000000000011.2184 1000000000014.9613   
2 28 0.09071161000625777 1.0670475484582156 8.686273682184176 8.6862736821841757e+00 10.72485075689374 1000000000011.262   
3 42 0.08806727244463283 1.074361643796807 8.590265857362029 8.5902658573620290e+00 10.151126530656208 1000000000015.753   
4 56 0.08468551529795561 1.0902527365536216 8.498108358824409 8.4981083588244086e+00 9.784690187729012 12.87425780751294   
5 70 0.08057131155018665 1.0972691104041512 8.498108358824409 8.5933447918208863e+00 9.38497951356604 11.205186129195818   
6 84 0.07658474426843864 1.1046251909500842 8.498108358824409 8.5927476750263949e+00 9.557547968885421 11.245326898167885   
7 98 0.07367300701404676 1.1125233255815188 8.498108358824409 8.8480837051523000e+00 9.542508228833666 13.006262573786763   
8 112 0.07103028289688486 1.12028166958266 8.498108358824409 8.6652264315880636e+00 9.224157006604418 11.243855565174188   
9 126 0.06799589845005492 1.1254005586398028 8.498108358824409 8.6735241665695604e+00 10.848462410957515 13.141235718297903   
10 140 0.06570781620298438 1.1307717097603254 8.498108358824409 8.6623921230657359e+00 9.265388816506697 10.954880410576195   
11 154 0.06320623885231925 1.1334051299166015 8.498108358824409 8.5834499703730387e+00 9.237912076980885 11.321028642180092   
12 168 0.061233004932136896 1.1382159928857687 8.498108358824409 8.5271357628344706e+00 8.987267839817319 11.331437368989938   
13 182 0.05935298177862062 1.1408926232696728 8.498108358824409 8.5041163784885931e+00 8.961612033054678 13.003739675436861   
14 196 0.05794980840182363 1.1453185376294328 8.498108358824409 8.5505670815304295e+00 9.269277919966264 12.557780949771239   
15 210 0.05617813089695762 1.1572652492948816 8.498108358824409 8.6102122486507291e+00 9.056874201038276 12.780823135561608   
16 224 0.054766389589050474 1.1660857644695912 8.395242933978592 8.3952429339785919e+00 8.966633502578263 9.606328043914715   
17 238 0.05323927724824507 1.180228055410082 8.395242933978592 8.6350256731099879e+00 8.98064329820453 12.908676496932161   
18 252 0.0522223446447042 1.1876319068420007 8.316739818473039 8.3167398184730388e+00 9.622360612280387 12.994945921316756   
19 266 0.049978748042119166 1.1956275129151541 8.316739818473039 8.3541968947300944e+00 9.117513270381117 10.95026679549946   
20 280 0.047751850300334596 1.208754733368805 8.292004279729515 8.2920042797295146e+00 8.89209860601088 12.616675077117236   
21 294 0.04680098605843511 1.2124744916781858 8.105267035588904 8.1052670355889038e+00 8.728571254143343 10.44056400731634   
22 308 0.045266362624342416 1.2131022334985244 8.006936273151586 8.0069362731515863e+00 8.582231295491741 10.699358313707506   
23 322 0.04334187431123031 1.217901238890332 8.006936273151586 8.0787713585981322e+00 8.433604438918248 12.464219217537384   
24 336 0.04190497234719643 1.2246811225137975 8.006936273151586 8.0108123076701929e+00 8.710494743930894 1000000000012.3763   
25 350 0.04099966820192808 1.233661144009673 7.759096985128592 7.7590969851285916e+00 8.330229637384107 10.108288174212568   
26 364 0.040096140078335125 1.232895684170785 7.759096985128592 7.9970258967704151e+00 10.07069939077144 1000000000010.6483   
27 378 0.03946973558680582 1.2313811625748867 7.739565113113326 7.7395651131133256e+00 8.40569504841906 1000000000010.6787   
28 392 0.03839636512148943 1.2392390790218928 7.739565113113326 7.8805721601853964e+00 8.786570402331666 1000000000016.2112   
29 406 0.03781879133632286 1.2476746611199383 7.739565113113326 7.8144565527514853e+00 8.283571430937034 13.68680726220354   
30 420 0.03708748021505791 1.2555883656079958 7.739565113113326 7.8338710228239776e+00 7.98445399621706 1000000000010.0256   
31 434 0.0363036733058486 1.2607430397221462 7.739565113113326 7.8049364202874028e+00 8.2500094430452 11.950511070099264   
32 448 0.036395678481579916 1.2748501733622253 7.739565113113326 7.8208511955776290e+00 8.03506354282677 11.848919129171513   
33 462 0.03651596777683008 1.2802038791578871 7.739565113113326 7.8373324038700947e+00 8.615848627212454 1000000000014.6792   
34 476 0.036247374256471274 1.2914902142446345 7.739565113113326 7.8628700563846996e+00 8.204803169819575 12.668056918193706   
35 490 0.03602725715167457 1.3040701024019814 7.739565113113326 7.8425956893766697e+00 8.179410852166312 13.669779486755797   
36 504 0.03582690406430303 1.3209190844140155 7.739565113113326 7.8545218400785846e+00 9.78384383493853 11.882779192332269   
37 518 0.035775773408283223 1.3442594750790795 7.739565113113326 7.8266870899881908e+00 8.102782225817124 10.125863120009264   
38 532 0.03554186057501711 1.3588785981703226 7.739565113113326 7.7624740508075627e+00 7.998654227955182 8.61352920253456   
39 546 0.035159185474605274 1.3819946922837036 7.734430281289188 7.7344302812891881e+00 8.020904736050664 11.965801808365292   
40 560 0.035116068442029406 1.402231379526868 7.697184159966935 7.6971841599669348e+00 7.997186199907907 10.315438314154873   
41 574 0.03524846126507411 1.4157034329705158 7.530355690632076 7.5303556906320761e+00 8.17137079492959 12.053560528287704   
42 588 0.03523746871655563 1.4448781172845837 7.530355690632076 7.6688902345002976e+00 8.356583922432733 1000000000009.989   
43 602 0.035240578038707254 1.4659525995609142 7.530355690632076 7.6368634827159561e+00 8.343383333812866 12.416476009272557   
44 616 0.03470413882498181 1.479385849992871 7.530355690632076 7.6155856030478759e+00 8.24157674300221 14.329131884423013   
45 630 0.03418686118023019 1.4863663716154307 7.530355690632076 7.5508094310739970e+00 8.232164982055277 9.997555724267626   
46 644 0.033748089149191016 1.4907135453866664 7.530355690632076 7.5621858758360760e+00 7.880250636738152 1000000000010.3008   
47 658 0.03332967321503157 1.494446278885029 7.498311708769501 7.4983117087695010e+00 7.817666684457548 11.495775841370737   
48 672 0.03296365585307387 1.5091412422398982 7.498311708769501 7.5086129581251555e+00 7.793701147354422 12.32969568204749   
49 686 0.03311430876401029 1.5120668790657241 7.498311708769501 7.5384691648989879e+00 8.29210936893288 1000000000011.8928   
50 700 0.03292932298153435 1.525818142755925 7.498311708769501 7.5439728772211190e+00 7.91498164153587 11.731083447343664   
51 714 0.032370090899724625 1.5327493210446586 7.498311708769501 7.5342546044035279e+00 9.605770896218807 1000000000008.0853   
52 728 0.031933931301436666 1.5369822640015154 7.498311708769501 7.6197064049919394e+00 7.999100319591047 11.726707387289968   
53 742 0.031412371252570265 1.5418523654083318 7.453799652492002 7.4537996524920018e+00 9.409375867500861 11.770502956636236   
54 756 0.030580578942844206 1.5509043136505305 7.453799652492002 7.5203199192091548e+00 7.693168994616696 9.847769197282137   
55 770 0.030044075542116105 1.54923818899155 7.453799652492002 7.4625977750749044e+00 7.6617056987987056 9.564332676437548   
56 784 0.02989638589772082 1.5511088911114856 7.292195426985138 7.2921954269851383e+00 7.622674507036263 11.545349698086572   
57 798 0.029983766034449875 1.5567575161271363 7.292195426985138 7.3186826554955315e+00 7.53271820188751 9.576310152458463   
58 812 0.029868396130647405 1.5545999424089822 7.292195426985138 7.3107606549602400e+00 9.515001717493586 1000000000009.8646   
59 826 0.030225501687715865 1.5608294200480295 7.292195426985138 7.3364668695965074e+00 7.669935087581562 11.4316139450049   
60 840 0.03055612306353791 1.5722243191835636 7.250293419368379 7.2502934193683792e+00 9.38156885925052 1000000000009.813   
61 854 0.030893507788737496 1.5832712459117777 7.116105409013862 7.1161054090138620e+00 9.912108323285997 1000000000011.8749   
62 868 0.03165110772294653 1.5869823915458796 7.116105409013862 7.1443130969111435e+00 8.043765209584489 1000000000011.9396   
63 882 0.032187841892354824 1.5962298819804077 6.971744886288322 6.9717448862883220e+00 11.06004229919644 1000000000009.4957   
64 896 0.032512886432156246 1.6093116513351098 6.971744886288322 7.2292976540271274e+00 9.27838308665241 1000000000015.4761   
65 910 0.032772874978874565 1.6152284417991418 6.971744886288322 7.1078201392012561e+00 9.215889848080781 1000000000013.847   
66 924 0.03388931522102486 1.6196303888321113 6.971744886288322 7.1041136277485499e+00 9.234591020847283 11.556652885700746   
67 938 0.03476583094589825 1.6267631643393825 6.971744886288322 7.0489351283997514e+00 9.162765385472731 11.440755471031903   
68 952 0.035411605829220476 1.655349636746809 6.971744886288322 7.1149878382948888e+00 9.260200244562906 11.477841809544625   
69 966 0.03633178685154982 1.675801167585214 6.971744886288322 7.0838351204986987e+00 7.531433587147217 13.4067099715025   
70 980 0.03701076808638961 1.6988096531663637 6.971744886288322 7.1487080124215048e+00 7.303195402124845 9.553945265551702   
71 994 0.037555492923301806 1.7145804493669332 6.811886591005119 6.8118865910051190e+00 7.395324905755625 9.570927280111398   
72 1008 0.0384190804125153 1.7360531649435156 6.811886591005119 6.8529468010237213e+00 7.2012706810906595 10.2675188700691   
73 1022 0.039202011383477016 1.7557704246039265 6.797256590977411 6.7972565909774110e+00 7.23352822058296 9.155378712908337   
74 1036 0.040339101161675696 1.7869486705375703 6.797256590977411 6.8041369617242093e+00 7.8302906164314425 1000000000007.6241   
75 1050 0.04164419347174849 1.808811731983776 6.719367048370223 6.7193670483702226e+00 7.082884922946923 1000000000011.6656   
76 1064 0.04295541997287894 1.8338707153764005 6.562063799940632 6.5620637999406322e+00 8.764135192244105 1000000000013.4366   
77 1078 0.04369751213561112 1.8631206644520213 6.562063799940632 6.9125169104006536e+00 11.334403144689205 1000000000012.7135   
78 1092 0.04447181827873611 1.8917275759958965 6.562063799940632 6.7587355979925103e+00 9.110540631326852 1000000000013.429   
79 1106 0.044382160295594345 1.9147048440989134 6.562063799940632 6.8157032023836184e+00 8.730914953112157 1000000000011.0364   
80 1120 0.04410134889015191 1.9381827590033542 6.562063799940632 6.9181472816066290e+00 7.25971049425355 11.139767849155113   
81 1134 0.044935472256229236 1.9618249463385433 6.562063799940632 6.8440440705070866e+00 7.117910687284396 9.277209842425565   
82 1148 0.04579523156302883 1.9867107422819197 6.562063799940632 6.6413697988647415e+00 7.333103054519379 9.154518811680118   
83 1162 0.04696806552905811 2.0140094033045153 6.562063799940632 6.8214185822497919e+00 8.104124497478582 10.165605494632032   
84 1176 0.04837505257822881 2.026536908991202 6.562063799940632 6.7197662799093916e+00 7.1496736558185665 10.136027108482855   
85 1190 0.050072915781481125 2.0460837462483656 6.562063799940632 6.6418435142422272e+00 7.26588275237485 10.071516275218048   
86 1204 0.05080090597226439 2.0617992332173753 6.2616230987528 6.2616230987527999e+00 6.8236757371629935 8.065348045657634   
87 1218 0.05127362738142139 2.0899198048997993 6.2616230987528 6.4177481192468289e+00 7.079199908766261 13.28835021055361   
88 1232 0.05177318110901057 2.106898976306695 6.2616230987528 6.3157621288843195e+00 6.757728363215405 8.781026383314186   
89 1246 0.05226045539958099 2.117369936078831 6.2616230987528 6.2724866257843068e+00 6.881364787345109 1000000000013.1547   
90 1260 0.053701158271078575 2.132409589909227 6.113098973340484 6.1130989733404837e+00 8.56643375975812 11.886900859152671   
91 1274 0.05538884987816464 2.1629913006414587 6.113098973340484 6.3597461137663718e+00 6.820920770195636 9.231813453728101   
92 1288 0.0572836979847881 2.180398772367889 6.113098973340484 6.2284006297131995e+00 7.532440062596223 10.85542991186269   
93 1302 0.06014701775588181 2.206809302907711 6.113098973340484 6.1631197977783962e+00 6.788934414342859 1000000000013.7217   
94 1316 0.06234458727379804 2.247299400432991 5.9647430615137775 5.9647430615137775e+00 7.128138436663743 12.069146317439802   
95 1330 0.06399347911363591 2.286966499255921 5.9647430615137775 6.2430801043570456e+00 6.659799295323003 8.60547168622101   
96 1344 0.06466200039075887 2.3266159930337937 5.9647430615137775 6.0054155495803814e+00 7.561450589618212 11.172854036377176   
97 1358 0.06366291369038111 2.360174254785643 5.949223597546406 5.9492235975464061e+00 8.18520941809438 12.053310854163714   
98 1372 0.06348420793186794 2.370370650797885 5.899712595987857 5.8997125959878574e+00 6.383157106890248 9.121057972858013   
99 1386 0.06321553758854392 2.3981412574472523 5.682849115509239 5.6828491155092387e+00 6.445667743764643 9.999000293657666   
100 1400 0.0638018972607172 2.4269920020204547 5.373388551365638 5.3733885513656379e+00 6.17889730086767 1000000000009.9568   
101 1414 0.06484423216325717 2.4556373991166347 5.323023559522669 5.3230235595226691e+00 6.113800942203615 1000000000008.5009   
102 1428 0.06548668124938357 2.502749789537921 5.2041775326279955 5.2041775326279955e+00 5.813216494319757 10.068980102492347   
103 1442 0.06638206926974984 2.531132122252466 5.014588168874704 5.0145881688747043e+00 5.602428344023255 7.922770489770796   
104 1456 0.06702153637429072 2.5589164998059655 5.014588168874704 5.1931617846252873e+00 8.159581198899625 1000000000008.967   
105 1470 0.06806464489716861 2.557547987164268 5.014588168874704 5.2458929778937318e+00 5.611934970901726 1000000000010.4558   
106 1484 0.06881850038956921 2.5808835695982344 4.6854195831452135 4.6854195831452135e+00 5.415476838995142 7.82862836848512   
107 1498 0.06882846448671398 2.617763401375789 4.625335185033829 4.6253351850338289e+00 7.3414788347679485 1000000000009.3833   
108 1512 0.06863851733729083 2.6453897916948637 4.625335185033829 4.8356584934251652e+00 5.152015681821638 1000000000009.7756   
109 1526 0.06910040176166456 2.6496951872347467 4.594891462006002 4.5948914620060020e+00 5.347762477114106 8.653188670103628   
110 1540 0.07005750344188014 2.6535586764628487 4.594891462006002 4.6319555761514284e+00 6.8754344212233 1000000000007.6823   
111 1554 0.07125924166034686 2.695941257689658 4.594891462006002 4.8393169151674256e+00 6.649381948062942 9.610383428412746   
112 1568 0.07229184703673577 2.7178514271627052 4.594891462006002 4.6742540725124755e+00 6.430582653350221 13.370148759720294   
113 1582 0.07253081003621963 2.726038169199929 4.594891462006002 4.7744512542680857e+00 5.124145716242465 7.111659139890863   
114 1596 0.07273328902028481 2.7363306106190075 4.594891462006002 4.7480818570136751e+00 5.236171133095232 8.066351312966587   
115 1610 0.07324210158149802 2.7760481224068876 4.496434177137063 4.4964341771370631e+00 4.964819499291426 8.930761366583946   
116 1624 0.07237500866148165 2.793912857095374 4.335750285498526 4.3357502854985261e+00 4.98468741728122 7.925050603747454   
117 1638 0.07271630732747991 2.8119044459431177 4.335750285498526 4.3776096806934754e+00 5.046477965729269 7.5581244329696355   
118 1652 0.07274038069853775 2.820046707837259 3.9761361861945788 3.9761361861945788e+00 4.8826692689363576 1000000000009.7366   
119 1666 0.07361245935087062 2.8428560039479724 3.9761361861945788 4.3187934010803879e+00 4.829579246545295 7.474767499640962   
120 1680 0.07538976279006215 2.860527724519195 3.9761361861945788 4.1669171448084423e+00 4.633180195922302 1000000000008.6597   
121 1694 0.07700564694498589 2.890664427066762 3.6072450590718264 3.6072450590718264e+00 4.78346940403868 7.572990111601197   
122 1708 0.07840979995206701 2.910864950092052 3.6072450590718264 3.7466615529974536e+00 4.7965585212614466 7.8052107561197515   
123 1722 0.07889298725530919 2.9240024594125718 3.6072450590718264 3.7412005001066984e+00 4.777365986050387 9.380101325089381   
124 1736 0.07958289712646424 2.949986695189418 3.6072450590718264 3.6267235582033379e+00 4.4166388754990145 7.665609390273169   
125 1750 0.08042070893545505 2.9739958903468944 3.501531803853891 3.5015318038538910e+00 4.197873029867534 1000000000008.6433   
126 1764 0.07953806755726735 2.9756092706547674 3.501531803853891 3.7675140992849752e+00 4.077625471099054 7.316210512150857   
127 1778 0.07955685369775993 2.9899734157294704 3.4522706182615197 3.4522706182615197e+00 4.787062103417383 1000000000007.9701   
128 1792 0.0789847489839515 3.018615594111814 3.4522706182615197 3.4848390725908986e+00 3.9402033247437793 7.26812241206157   
129 1806 0.07841632326073113 3.0349882842903586 3.4522706182615197 3.5266550965493959e+00 6.314382325236799 7.465234205041128   
130 1820 0.07834345547785766 3.052636124669495 3.296494659220232 3.2964946592202322e+00 4.012409104754358 1000000000008.6195   
131 1834 0.07827393041023228 3.0702213297257743 3.296494659220232 3.3686179693502680e+00 4.372741626751499 1000000000010.8715   
132 1848 0.07805394018929017 3.0994288139996518 3.296494659220232 3.4115531422297991e+00 3.9127357099847977 1000000000008.1368   
133 1862 0.07839245410032286 3.1203800120110023 3.296494659220232 3.4819556810664141e+00 3.9373585110171625 1000000000008.0552   
134 1876 0.07918823542459458 3.1610411336779554 2.98386513446919 2.9838651344691902e+00 3.823147770319884 4.800111643324525   
135 1890 0.08100463655212033 3.199544100360371 2.98386513446919 3.1300922535132063e+00 3.7712310099498856 4.355973988215745   
136 1904 0.0818603453841465 3.23547917929548 2.98386513446919 2.9902285031995008e+00 6.356711771808939 1000000000006.9955   
137 1918 0.08275311559035735 3.277655353855514 2.98386513446919 3.1895643665131255e+00 3.857563015668293 7.605021481063901   
138 1932 0.0828745500775713 3.303563270973162 2.98386513446919 3.0856445953609857e+00 4.494884513642121 1000000000006.6732   
139 1946 0.08129840949456751 3.3305203600088173 2.98386513446919 3.0687405698767911e+00 4.014995723857866 7.559204482398954   
140 1960 0.08021768814916085 3.3523499553948373 2.98386513446919 3.0366457286419415e+00 4.338618271815119 7.083133432799282   
141 1974 0.07892825962370194 3.3731785834677543 2.98386513446919 3.1305222032929887e+00 3.91504451560124 1000000000007.6428   
142 1988 0.07743845076465056 3.3933750147760806 2.774133614187659 2.7741336141876589e+00 3.5208014143676793 1000000000003.4592   
143 2002 0.07780372014217028 3.398940812799993 2.774133614187659 3.0690888350195298e+00 3.636444904495968 7.41419234739373   
144 2016 0.07759300826411979 3.418515348670783 2.699395448891206 2.6993954488912060e+00 3.5555095399226504 1000000000002.6332   
145 2030 0.07754972460768897 3.423290401724296 2.6167588428941553 2.6167588428941553e+00 3.594243861281245 9.046720359755268   
146 2044 0.07526871820174491 3.4256737676239517 2.6167588428941553 2.8911560023332132e+00 5.537371504533052 1000000000003.8372   
147 2058 0.07368821596736076 3.424144771047634 2.6167588428941553 2.9633813481212865e+00 3.5751316476943966 2000000000006.6042   
148 2072 0.07268872492392554 3.4204865601254726 2.6167588428941553 3.3154748222263750e+00 6.016231844769521 13.273289783624781   
149 2086 0.07120485044068205 3.4190744855312816 2.582542578714804 2.5825425787148042e+00 3.684849436726908 6.81426844672579   
150 2100 0.06974101142694757 3.4331766956642777 2.582542578714804 2.7007768648619432e+00 5.580768460146206 1000000000003.4153   
151 2114 0.0696184526875304 3.4354681298479814 2.582542578714804 2.6109402286095396e+00 6.359386889030877 1000000000003.8087   
152 2128 0.06935842837318122 3.447360072459237 2.582542578714804 2.8139170837929264e+00 6.126284966687637 1000000000004.2212   
153 2142 0.07013576809035932 3.4415914934298555 2.582542578714804 2.9334938621387980e+00 4.024756430069582 2000000000009.4268   
154 2156 0.06981567484211973 3.430526909729539 2.582542578714804 2.6855423005767216e+00 3.3786070094687384 1000000000003.6301   
155 2170 0.06949421041294698 3.433671589015496 2.105830047220511 2.1058300472205111e+00 3.4877190432897685 1000000000003.9976   
156 2184 0.06949566574657984 3.453804093286117 2.105830047220511 2.4377768220587619e+00 1000000000002.4087 1000000000006.682   
157 2198 0.06941297793662188 3.4598540488294716 2.105830047220511 2.5016525170877806e+00 2.9484039311243118 1000000000008.479   
158 2212 0.06848049720151847 3.461097772177478 2.105830047220511 2.6679822165551403e+00 3.34490768774915 7.264142400498788   
159 2226 0.0668559069861793 3.475393850298116 2.105830047220511 2.7189379403434879e+00 5.682970734320083 1000000000005.2805   
160 2240 0.06474374542313245 3.4842935138051567 2.105830047220511 2.2818983493165081e+00 5.805800377660834 1000000000004.9917   
161 2254 0.06314555181442567 3.463201655699231 2.105830047220511 2.3721985080759449e+00 2.908901110268185 6.931657957243498   
162 2268 0.06131679164777005 3.4684276293230285 2.105830047220511 2.1133678169759875e+00 2.7460239177463395 1000000000005.1927   
163 2282 0.06017357717616216 3.4632860691720286 1.954956662784804 1.9549566627848041e+00 2.6148220886002393 1000000000005.0123   
164 2296 0.05879807648583119 3.4645009061199237 1.9108851842933392 1.9108851842933392e+00 2.6860887354151695 1000000000002.1923   
165 2310 0.057633123143273075 3.460885415381241 1.9108851842933392 2.0814329563080030e+00 2.587526582872803 1000000000001.6156   
166 2324 0.05525449609237551 3.4656945419940035 1.9108851842933392 1.9134822904703341e+00 2.6645629172861796 6.733309611123216   
167 2338 0.05447617931941516 3.463987893450832 1.9108851842933392 2.0041087482814319e+00 2.4999836863141773 5.189338247129857   
168 2352 0.05441645717085187 3.444315598972872 1.9108851842933392 2.0435212886794503e+00 2.4795510169217847 1000000000002.2019   
169 2366 0.05405098314948826 3.4461907898447595 1.9108851842933392 1.9125822484778006e+00 2.4407717670160904 6.2488579704601825   
170 2380 0.05311655892526269 3.477093076215317 1.7692473949491756 1.7692473949491756e+00 2.296754674861453 2.675529133744715   
171 2394 0.052063558589140344 3.4765948830101485 1.7692473949491756 2.0210386955001898e+00 2.5939952087287166 1000000000002.4088   
172 2408 0.051370975553740775 3.4711054438531415 1.7692473949491756 1.8451763928923395e+00 2.569215499856729 9.323930862867028   
173 2422 0.05090878748462566 3.4874828232582438 1.7692473949491756 1.9778544657595667e+00 2.377706718534575 6.238212818872465   
174 2436 0.05037911235956452 3.4948820794216737 1.7692473949491756 1.9606881412979611e+00 2.562691539451883 5.883461821824163   
175 2450 0.05026497552323844 3.5066428774413425 1.7692473949491756 1.7783361247332792e+00 2.1387721735692375 1000000000001.8624   
176 2464 0.04940569370267362 3.5013997535364987 1.726838871425116 1.7268388714251159e+00 2.059401036891332 5.672528914089123   
177 2478 0.048741025658706874 3.517173963370538 1.726838871425116 1.7535003288781272e+00 2.068318568166325 5.570298255652869   
178 2492 0.04815970346400225 3.5223441619408633 1.590894469432735 1.5908944694327349e+00 2.024576702223369 1000000000002.1768   
179 2506 0.04784909478543827 3.5383890257992787 1.590894469432735 1.5977711688856546e+00 1.899371981702461 1000000000001.8126   
180 2520 0.048278082535221575 3.544069405009311 1.435689108476069 1.4356891084760690e+00 1.848669149715084 1000000000001.8533   
181 2534 0.048736937680574216 3.5627626488569506 1.435689108476069 1.4931162996384035e+00 1.8129910479753546 1000000000001.8809   
182 2548 0.04913772242293001 3.536425689756943 1.435689108476069 1.5226836168105526e+00 1.8698426952716645 1000000000001.5094   
183 2562 0.049548359005783096 3.5411434258883054 1.435689108476069 1.5802257728824802e+00 1.819180793346896 5.690567040605388   
184 2576 0.04925565980420346 3.5569045098854475 1.435689108476069 1.6480634374672203e+00 2.1528497835603924 1000000000002.099   
185 2590 0.04880674989892926 3.573770367570056 1.435689108476069 1.5771775935471766e+00 1.9604715171328806 1000000000001.4918   
186 2604 0.04880297276381942 3.559295838341518 1.435689108476069 1.4401466503024869e+00 2.112164481300404 1000000000002.0896   
187 2618 0.04840257423065032 3.5424775588714206 1.435689108476069 1.4360336329044161e+00 1.9494405756029227 5.380201078032345   
188 2632 0.047654544960481625 3.540121657062228 1.393766648766106 1.3937666487661060e+00 1.7924762440110662 1000000000001.705   
189 2646 0.046226706247755135 3.543289208989626 1.3494208639068317 1.3494208639068317e+00 4.861385089900645 8.769525664965045   
190 2660 0.0450532828643367 3.54336289132753 1.3494208639068317 1.5267275533008471e+00 4.863625837326644 7.941618068262955   
191 2674 0.044505008211777504 3.576743718279727 1.3494208639068317 1.4632024749543282e+00 1.718933406052387 2.089947297981536   
192 2688 0.04351873883108107 3.5802867780655774 1.3494208639068317 1.5389094605794353e+00 1.7907018614713053 4.6030379269837365   
193 2702 0.04269494740763973 3.570567770127789 1.3494208639068317 1.4690613818866280e+00 1.6598431424772846 4.792181470930786   
194 2716 0.04232556513306477 3.568718142880514 1.3494208639068317 1.3853230363533910e+00 1.569206456521762 2.0897439127412154   
195 2730 0.042421181523737056 3.5659179393187164 1.2832596400494527 1.2832596400494527e+00 1.5993261301403008 4.7033667292010835   
196 2744 0.04211906431771759 3.573549552667943 1.2832596400494527 1.2922860671489351e+00 1.5979998664905226 1000000000001.4541   
197 2758 0.04229904382591071 3.5866144261996156 1.0927629025298993 1.0927629025298993e+00 1.5649835038062783 1000000000001.2844   
198 2772 0.04220293342212572 3.615144882266033 1.0787053844415802 1.0787053844415802e+00 1.4862493536173762 4.475479878427567   
199 2786 0.04167079070203774 3.605136524420668 1.0787053844415802 1.1539593105259156e+00 1.6468629855719144 1000000000004.0254   
200 2800 0.04091018119491023 3.6249625909095156 1.0787053844415802 1.2982278360073520e+00 4.547564421211124 8.512451477967227   
201 2814 0.040470529369250656 3.620189074560499 0.9493573861744142 9.4935738617441423e-01 1.5832787674904871 1000000000004.3911   
202 2828 0.039528836803454225 3.6026566680365186 0.9493573861744142 1.2157624757949259e+00 1.8756442038774264 1000000000001.3585   
203 2842 0.038894610746365396 3.6195071715722538 0.9493573861744142 1.0447622124003040e+00 1.3545161620872754 4.561893889511422   
204 2856 0.03826801568285261 3.646630507210549 0.9493573861744142 1.1358897328118074e+00 7.932852767781977 1000000000001.3107   
205 2870 0.03815661628864236 3.6472719510445026 0.9493573861744142 1.0041207810959154e+00 1.4238778025248022 1000000000001.2554   
206 2884 0.037549379460254724 3.6247779308834245 0.9493573861744142 1.1382257768500175e+00 1.3832638867405533 1000000000004.2402   
207 2898 0.03684772195114001 3.629368925656449 0.9493573861744142 1.2174633311826062e+00 4.698942293169999 1000000000004.7892   
208 2912 0.03607401420549891 3.641107699965181 0.9493573861744142 1.2022012500660892e+00 1.5423529101097273 1000000000001.3248   
209 2926 0.03500895622288924 3.6296428819539384 0.9493573861744142 1.0767923946229221e+00 1.4961021611236145 1000000000001.6836   
210 2940 0.034817089394457254 3.6346945506101327 0.9493573861744142 1.0410723373437412e+00 1.3183305235394913 2000000000003.6975   
211 2954 0.03482126336081035 3.6146175648206254 0.9493573861744142 1.1705876693951680e+00 1.3767347125912481 1000000000004.7511   
212 2968 0.03458988076442789 3.6234745421348884 0.8621180796433503 8.6211807964335030e-01 1.2997225670722399 1000000000004.4703   
213 2982 0.0334290688577613 3.6196885461696144 0.8621180796433503 1.0927859852230233e+00 4.3254710532952325 1000000000001.3475   
214 2996 0.03193244805987531 3.6277880103401356 0.8621180796433503 1.0083271586567273e+00 1.181701082031255 4.61472014239669   
215 3010 0.030941156202799476 3.6224886028440033 0.8621180796433503 9.3286385516282433e-01 1.1249702187099313 1000000000001.2328   
216 3024 0.030196707839971373 3.636710615219632 0.8621180796433503 9.9312923959010924e-01 1.2298022886110918 1000000000001.2155   
217 3038 0.029191577351890093 3.639034165298547 0.8599885451119613 8.5998854511196132e-01 1.2397852820678557 1000000000001.1392   
218 3052 0.028469345513061992 3.637256383889747 0.8145489175274978 8.1454891752749781e-01 1.1421246053934198 1000000000000.9797   
219 3066 0.02785878059926744 3.6308303820690773 0.8145489175274978 9.5152803035229283e-01 4.60454866389655 1000000000004.7965   
220 3080 0.027204553005914227 3.633535235657395 0.8145489175274978 9.7352315541458001e-01 1.2337656877025616 1000000000001.1436   
221 3094 0.027313167016785583 3.6268041726777147 0.8145489175274978 8.4053893715499761e-01 1.0377689221874808 1000000000001.1045   
222 3108 0.027420364903203442 3.637389813741901 0.8145489175274978 8.8563874490430372e-01 1.0934120043801654 1000000000004.3899   
223 3122 0.0277055783017371 3.612164067093664 0.8145489175274978 8.1512989212832121e-01 1.0923620063847839 4.403777416140008   
224 3136 0.027490903950735057 3.6277432797614972 0.7630249188824854 7.6302491888248536e-01 1.0869332810064734 4.6185664551878265   
225 3150 0.027376110096060217 3.6258949684132036 0.7367053029180397 7.3670530291803971e-01 0.9389133656813264 1000000000000.7488   
226 3164 0.02682165261647533 3.636578999114208 0.7367053029180397 7.4130838605234839e-01 0.9502042669470772 1000000000001.0878   
227 3178 0.026678524013566907 3.637055492273129 0.7367053029180397 7.5318003893851682e-01 1.0202634670633763 1000000000001.1785   
228 3192 0.02628096190388635 3.624531408971668 0.7367053029180397 8.0303456044261257e-01 0.9687695237277021 1000000000004.5643   
229 3206 0.025304373042386388 3.6544247646978354 0.7367053029180397 8.0824779616803966e-01 0.9831776237358136 4.270162043353585   
230 3220 0.025007180610848882 3.6636807384930816 0.7367053029180397 8.0258141490285873e-01 0.9557439383853721 7.565465233964468   
231 3234 0.02435927452822867 3.703223459507351 0.7367053029180397 7.7168875928176028e-01 1.072123906851706 1000000000000.841   
232 3248 0.023760609835427677 3.721237736433049 0.7367053029180397 8.0502149519097976e-01 0.9548305247630946 1000000000000.8623   
233 3262 0.023385188625153455 3.7242267651347585 0.6955588984945882 6.9555889849458818e-01 0.8670795416888213 1.1910577961580238   
234 3276 0.02288629703391699 3.7180684307633207 0.6784536232364493 6.7845362323644931e-01 0.848408623668008 1000000000000.7577   
235 3290 0.022518451746289914 3.713694008640199 0.6196326137974895 6.1963261379748946e-01 0.8444802892161336 4.514169613562619   
236 3304 0.022212240624518518 3.728261750470118 0.6196326137974895 6.2022598387711092e-01 0.9121993482243749 1000000000004.3467   
237 3318 0.02171384692331201 3.7259030560734185 0.6160811517164824 6.1608115171648237e-01 0.7698157844305591 1000000000000.931   
238 3332 0.021095444052651534 3.7269391345676155 0.5934152648333022 5.9341526483330220e-01 0.8041901847027475 1000000000004.1549   
239 3346 0.020594405055149652 3.7391923619391023 0.5934152648333022 6.3282354648147798e-01 0.7416222355507838 1000000000000.6443   
240 3360 0.02051747456083507 3.742060385983834 0.5279472992471863 5.2794729924718631e-01 0.6682327431340571 1000000000003.9463   
241 3374 0.020475665531107086 3.7619376933836435 0.5279472992471863 5.3979615183927265e-01 0.719859821924504 1000000000000.6155   
242 3388 0.020621931085031832 3.7616906298225405 0.48410707518701557 4.8410707518701557e-01 0.6192535969669644 0.7185814154772867   
243 3402 0.02073724408197311 3.7680382451765215 0.48410707518701557 5.2206312591116877e-01 0.6387222019430503 4.1302958518109065   
244 3416 0.020551348387240754 3.7759395809015897 0.48410707518701557 4.9307463550125163e-01 0.6648867889777126 4.615206691350267   
245 3430 0.02083432747796394 3.7950015023342227 0.4493388531009703 4.4933885310097033e-01 0.6082643535589494 4.598285408648488   
246 3444 0.020771213039279993 3.803631279619065 0.44899365414962933 4.4899365414962933e-01 0.7055726929054495 1000000000000.5996   
247 3458 0.02072917861252819 3.799181934338592 0.44899365414962933 4.5314707512847185e-01 0.6801780829998494 1000000000004.1771   
248 3472 0.020846688347547247 3.7940284825509814 0.443787362927643 4.4378736292764298e-01 0.5965913569774077 1000000000000.6521   
249 3486 0.02059605741116083 3.8072715746790387 0.443787362927643 4.6529635545203263e-01 4.127249850671401 1000000000004.1869   
250 3500 0.02016791442032083 3.831064284373133 0.3961914590881328 3.9619145908813280e-01 0.549577420531179 1000000000004.4911   
251 3514 0.019881380911090377 3.831737682079344 0.31909013101885275 3.1909013101885275e-01 0.5821947977751165 1000000000000.4789   
252 3528 0.019389018356688367 3.835880139015539 0.31909013101885275 4.4160267076309978e-01 4.518225911138505 1000000000008.529   
253 3542 0.018919468349184208 3.834969086373497 0.31909013101885275 3.9986556360283387e-01 0.5454510222408135 1000000000004.6443   
254 3556 0.018530780309010137 3.8362252151090113 0.31909013101885275 3.5188394008711033e-01 0.4997046609473381 1000000000004.4497   
255 3570 0.01842484047356652 3.8407293176342794 0.2596694790248728 2.5966947902487281e-01 0.6288806562649061 1000000000004.5043   
256 3584 0.01833219700489666 3.8394123675375376 0.2596694790248728 3.4170097449352976e-01 0.570248046840061 1000000000004.4911   
257 3598 0.018115480486624362 3.852584966168903 0.2596694790248728 3.4474492180138583e-01 0.5574222906141557 1000000000004.5377   
258 3612 0.01763545142999984 3.8586016259451754 0.2596694790248728 3.5938191879661296e-01 0.468042588513498 1000000000004.4672   
259 3626 0.017173915805895085 3.8713341654412377 0.2596694790248728 3.8272662804526458e-01 0.5081320215974046 1000000000004.5514   
260 3640 0.01687461034988387 3.902005480016739 0.2596694790248728 3.4115741692113843e-01 0.5278434045336358 1000000000008.1556   
261 3654 0.01667940269824947 3.908980092710162 0.2596694790248728 3.3162365358829060e-01 0.4737162009570799 1000000000004.3541   
262 3668 0.016355833255692273 3.905635909174776 0.2596694790248728 3.5637081077685551e-01 0.45529219492549533 1000000000004.3969   
263 3682 0.016289036195997638 3.895343781708227 0.2596694790248728 3.2036032364664901e-01 0.4640256214640841 1000000000000.6311   
264 3696 0.016206506312879863 3.8994146849565987 0.2596694790248728 2.9891726433643839e-01 0.4388884950654086 1000000000004.5355   
265 3710 0.016313017063502452 3.914982147065291 0.2596694790248728 3.3881294714219212e-01 0.4052246050887245 4.0472683216304866   
266 3724 0.016185334678334183 3.9386016692022827 0.2596694790248728 3.3412401556773297e-01 0.434378398812858 1000000000003.7511   
267 3738 0.01615966903660888 3.921834728785399 0.2596694790248728 3.0693584419717457e-01 0.4927822686747332 4.150571100255251   
268 3752 0.016310622917211658 3.9267616773933045 0.2596694790248728 2.9796041665841777e-01 0.3591717223194948 4.053891968694139   
269 3766 0.016232385485326396 3.9295240568293526 0.2596694790248728 3.2314775304959209e-01 0.4557513365094561 4.04241591022971   
270 3780 0.016214570238425416 3.9338801448770475 0.2596694790248728 2.9428633353305944e-01 0.3827989868039845 3.6990373938768135   
271 3794 0.01609470176317676 3.9458124322225574 0.2596694790248728 3.2320535093856329e-01 0.43554109859711154 3.968445333233717   
272 3808 0.01610586457991931 3.973194016876732 0.2596694790248728 2.7653645332557719e-01 0.40490932021174864 7.279311013039896   
273 3822 0.015919386834783264 3.9861625355004238 0.2596694790248728 2.9703604144872209e-01 0.42048259460057036 4.051919725500673   
274 3836 0.015622674826463278 4.018026514043661 0.2596694790248728 3.0230779758096116e-01 0.4043941233401007 7.1913223408817615   
275 3850 0.015449675526304336 4.029928257900292 0.23210494873679544 2.3210494873679544e-01 0.36576195346906815 1.6548434558189475   
276 3864 0.01524891725838005 4.022523526716251 0.23210494873679544 2.3765132328887173e-01 0.38350651107594125 4.051735258433567   
277 3878 0.01508850278595485 4.044254008423125 0.23210494873679544 2.4206307877505218e-01 1.7634808552262742 1000000000005.6592   
278 3892 0.014720027831541211 4.040939457617527 0.23210494873679544 2.7260440388938179e-01 3.9552015682159882 1000000000008.0085   
279 3906 0.014424848965355038 4.056877344970977 0.23210494873679544 3.0175716659126195e-01 0.3783066654077407 1000000000004.443   
280 3920 0.01416483869352974 4.05825398283097 0.23210494873679544 2.9640709909546636e-01 0.385758919810562 1000000000009.3595   
281 3934 0.01392433973107626 4.084180155580767 0.23210494873679544 2.4780283412558024e-01 0.33318900667276186 1000000000000.482   
282 3948 0.013841991652069218 4.084520089790984 0.23210494873679544 2.5519891043404996e-01 3.958057787526502 1000000000003.8684   
283 3962 0.013517523080152721 4.093585385200753 0.23210494873679544 2.3995070799544038e-01 0.327890733350209 3.892811020171616   
284 3976 0.013162425943066592 4.085968090518357 0.23210494873679544 2.5333745520627815e-01 0.31459169307638923 1000000000000.2688   
285 3990 0.012900393144810883 4.08167889947644 0.18866806169894534 1.8866806169894534e-01 0.2909746347603033 1000000000000.2465   
286 4004 0.01256798978999359 4.071882734372929 0.18866806169894534 1.9706222745401192e-01 0.28950213176128603 1000000000000.2268   
287 4018 0.012394281369721101 4.078882922199315 0.1471928484990439 1.4719284849904390e-01 0.26566738437529036 1.5389022850531555   
288 4032 0.012065998341579101 4.063746905647495 0.1471928484990439 2.0310724933413926e-01 0.29269813893746566 1000000000000.168   
289 4046 0.011817896602018221 4.05719999754638 0.1471928484990439 1.9173048250262514e-01 0.2993660554627331 3.857927955338252   
290 4060 0.011652446052533943 4.0720938820532 0.1471928484990439 1.5788202072791258e-01 0.24370773888458785 3.857667036090584   
291 4074 0.01152098627829779 4.07213256818033 0.13148896833849744 1.3148896833849744e-01 0.20259735414049906 3.8170833594287545   
292 4088 0.011446049503561111 4.08564142392876 0.13148896833849744 1.3269945075500278e-01 0.24434910459408155 1000000000003.8467   
293 4102 0.011347173455007721 4.081803966025102 0.13148896833849744 1.5314868981304031e-01 0.2435875367730036 3.856303002812583   
294 4116 0.011048026677641303 4.101139158378583 0.13148896833849744 1.4484877689073006e-01 0.2229693346274102 3.790709963049906   
295 4130 0.01091742645857465 4.11114460127832 0.12248934912618381 1.2248934912618381e-01 3.7750624896249896 1000000000005.124   
296 4144 0.010766900626887338 4.1525715983054265 0.11799288563110988 1.1799288563110988e-01 1.5284342968188014 3.84417803640087   
297 4158 0.010755721585941765 4.179521445514893 0.11799288563110988 1.3136025338066570e-01 3.4963022275086226 7.1152349337760015   
298 4172 0.010733822648505177 4.205777139644588 0.11799288563110988 1.6597135353470804e-01 3.4731453534725505 1000000000005.177   
299 4186 0.010672922590980807 4.215402414479338 0.11799288563110988 1.3463736232941947e-01 3.420192639216406 1000000000003.7726   
300 4200 0.010670089081156747 4.230717975657709 0.11799288563110988 1.4380837161889026e-01 0.34042499454632846 1000000000003.794   
301 4214 0.010625411018612639 4.237838106294798 0.11799288563110988 2.0419463928445136e-01 3.8463845165691763 1000000000003.4915   
302 4228 0.0106782320979512 4.2417041789113 0.11799288563110988 1.6223844579864721e-01 0.280911127076779 1000000000003.494   
303 4242 0.010558226165295953 4.231793757802864 0.11799288563110988 1.6054291869319037e-01 0.24982902417667763 1000000000003.8063   
304 4256 0.010370846494418644 4.237797242590202 0.11799288563110988 1.5073319600528112e-01 3.442525769165403 1000000000000.189   
305 4270 0.010180327142364427 4.238217862346342 0.11799288563110988 1.3496377766318091e-01 0.2080516705151343 1000000000000.1643   
306 4284 0.009994270833116745 4.242222581190592 0.11799288563110988 1.3431088516141987e-01 0.20652438254310201 1000000000007.929   
307 4298 0.009750889097522029 4.247108097327092 0.11439770019344486 1.1439770019344486e-01 0.21283979659946262 1000000000004.2806   
308 4312 0.009501287621767617 4.251686715707004 0.10554511129763977 1.0554511129763977e-01 0.19638101166183386 3.5176803503912417   
309 4326 0.009397484820417983 4.250019374880791 0.09002450620962676 9.0024506209626765e-02 3.461258698702159 1000000000000.1927   
310 4340 0.009284861877495472 4.25681628880666 0.09002450620962676 1.1594459970851378e-01 0.17753450819893413 1000000000003.4684   
311 4354 0.00928657250644369 4.258682766297105 0.09002450620962676 1.3050487378092512e-01 0.209913532848244 1000000000004.2633   
312 4368 0.009310835790738077 4.262257083508889 0.09002450620962676 1.1069858167690860e-01 0.1959157390916495 3.8092427348818525   
313 4382 0.009522617055019833 4.2918460770042595 0.0760867026740355 7.6086702674035500e-02 3.431026769799013 1000000000003.4984   
314 4396 0.009592804368703014 4.284538681662467 0.0760867026740355 1.1376777655724712e-01 0.1233804505951328 3.8142877354119173   
315 4410 0.009707051168354224 4.297732996907017 0.0760867026740355 1.1954863491954271e-01 0.17196289370734608 1000000000007.8641   
316 4424 0.009771031023095008 4.304231094643039 0.0760867026740355 1.0164417291784833e-01 0.17175596904685708 3.7806188888647427   
317 4438 0.009838868535967073 4.308814213343428 0.06238544044227812 6.2385440442278117e-02 0.17702004205244126 3.8355954792700517   
318 4452 0.009931931482318867 4.322884615476669 0.06238544044227812 1.2284971326350647e-01 3.7686339453981788 1000000000003.788   
319 4466 0.00993596199303506 4.331424035610775 0.06238544044227812 9.8091600798927203e-02 3.7756679581491017 1000000000005.2183   
320 4480 0.009939052903279802 4.297242541345257 0.06238544044227812 1.0186258028164907e-01 1000000000000.0571 2000000000004.2039   
321 4494 0.010087081878180006 4.295163430254837 0.06238544044227812 9.3357893503616118e-02 0.14772162696008362 1000000000000.2107   
322 4508 0.010270459317826573 4.312251435304912 0.06238544044227812 9.5757010585014513e-02 0.16478935894694313 1000000000001.464   
323 4522 0.010376451707829826 4.305479590674128 0.06238544044227812 1.0512621255535226e-01 1.4581626935412908 1000000000001.5465   
324 4536 0.01049690656753936 4.303911733101665 0.06238544044227812 9.6950506795256963e-02 0.1613044972382527 1000000000001.5249   
325 4550 0.010441860195386463 4.2868215189523085 0.06238544044227812 7.9312932751415488e-02 0.1504366225532765 1000000000000.1532   
326 4564 0.010202916973683418 4.29259531682955 0.06238544044227812 6.9205478040331059e-02 0.18161992056043097 1000000000005.5531   
327 4578 0.009996031564013876 4.28708564970861 0.06238544044227812 9.1179027671943302e-02 1.5268826093078953 2000000000005.523   
328 4592 0.009841536447735583 4.2952184399985205 0.06238544044227812 8.2411394303014696e-02 0.14512770240424988 1.4399583010866683   
329 4606 0.009481263818508444 4.294761087903247 0.06238544044227812 8.8304136003374722e-02 0.18996251938662478 1000000000000.1226   
330 4620 0.009241931641589268 4.288615765284873 0.05105544508407611 5.1055445084076112e-02 0.13943008258153533 1000000000005.5972   
331 4634 0.009046328796631063 4.272804030358459 0.05105544508407611 6.9100884672850249e-02 1.4652938030640996 1000000000005.5603   
332 4648 0.008718840846839528 4.264760438899813 0.05105544508407611 7.1053607782584294e-02 0.1325432821725041 1000000000005.5474   
333 4662 0.008530225191784905 4.232701175913601 0.05105544508407611 6.4121160316434000e-02 0.10688488419637299 1000000000004.1956   
334 4676 0.008313225822705269 4.229805628911003 0.01539884735666952 1.5398847356669521e-02 0.08901669789703881 1000000000004.1803   
335 4690 0.008276352069127017 4.217038222074711 0.01539884735666952 6.5588021377099182e-02 1.4893737072471325 1000000000005.5223   
336 4704 0.008154146667278773 4.20877653400875 0.01539884735666952 2.3045086276679783e-02 0.087051307034403 1000000000004.1221   
337 4718 0.008070932303035358 4.204563870207172 0.010071326673990022 1.0071326673990022e-02 0.1095851156498151 1000000000007.74   
338 4732 0.007945739511445954 4.208096533383133 0.010071326673990022 1.2356252519277966e-02 1.4165367786368073 1000000000004.8306   
339 4746 0.00791298284185275 4.204842774329576 0.010071326673990022 1.7539538268673383e-02 0.12964035101981697 1000000000004.0769   
340 4760 0.00790560736242536 4.186843972713307 0.010071326673990022 2.5405865827384133e-02 0.08298661397514007 1000000000003.412   
341 4774 0.00773423428396755 4.178721682769891 0.010071326673990022 1.1331413978799887e-02 0.06517786850285567 1000000000003.4113   
342 4788 0.007569220768782029 4.17011769433872 0.010071326673990022 2.2020285403959505e-02 0.08298324574279725 1000000000001.4124   
343 4802 0.007529893874107225 4.1746530246259494 0.010071326673990022 3.8133522806305109e-02 0.10092786646770424 1000000000005.4944   
344 4816 0.007580002605681611 4.175607608203904 0.010071326673990022 2.7876073892381115e-02 0.06248120763817866 1000000000000.0614   
345 4830 0.007505725266779157 4.166619949484431 0.009566980975006523 9.5669809750065227e-03 0.047624416743142106 3.6676305965048113   
346 4844 0.007513821829151148 4.162715411367221 0.009566980975006523 1.0257452670560774e-02 0.059565581278273605 1000000000000.0331   
347 4858 0.007363067339947269 4.1283174868541295 -0.0002576390463051581 -2.5763904630515810e-04 0.03914720994258403 4.7673532167879165   
348 4872 0.007253923925184701 4.1590199557874135 -0.0005067313014324171 -5.0673130143241707e-04 0.06000310999561087 1000000000004.0236   
349 4886 0.007230882877169553 4.145861046987207 -0.0005067313014324171 1.4901200243645718e-02 0.06342557986685193 1000000000000.0258   
350 4900 0.007203378607493241 4.155676859806112 -0.010610320579800714 -1.0610320579800714e-02 0.0365974230840882 1000000000000.0387   
351 4914 0.007208946922074622 4.142905995363237 -0.010610320579800714 2.2830936672608715e-03 0.03156325499341328 1000000000003.652   
352 4928 0.007191457585115696 4.139191654550721 -0.025933347237094395 -2.5933347237094395e-02 0.03703260931167485 4.039365398837573   
353 4942 0.00725233780602167 4.155417222561805 -0.025933347237094395 -9.0288880938143024e-03 0.03894901911103954 3.7072329414913403   
354 4956 0.007390419365788629 4.147029068964622 -0.025933347237094395 -2.1362008369893104e-02 0.03911992369036543 1000000000004.091   
355 4970 0.007428354138262483 4.135113066764982 -0.03677170450580736 -3.6771704505807357e-02 0.013551533617290445 1000000000004.042   
356 4984 0.007448369865811584 4.147052483315515 -0.03677170450580736 -3.3765449983124363e-02 0.021398413770992164 1000000000004.0544   
357 4998 0.007469825407971736 4.162673496548952 -0.03677170450580736 -3.6730248161807921e-02 0.01245962535828582 999999999999.9696   
358 5012 0.0076116405971070975 4.162248717242925 -0.03677170450580736 -3.5972456344397941e-02 -0.0003943708652753841 1000000000004.0391   
359 5026 0.007677304877659056 4.177121401097345 -0.03677170450580736 -2.5528626925809483e-02 1.4465857527843395 1000000000004.036   
360 5040 0.007658836050137587 4.161797872539221 -0.04056012602118475 -4.0560126021184750e-02 0.020463579483975813 1000000000004.0719   
361 5054 0.007638623075257301 4.15265447698645 -0.04056012602118475 -3.3431979578881332e-02 0.023076703564280265 3.7192267369313554   
362 5068 0.0076037833084764824 4.1934347120902 -0.047395540555537075 -4.7395540555537075e-02 0.017796576191008384 1000000000007.7609   
363 5082 0.0076147794597505565 4.192398512281294 -0.047395540555537075 -4.1364838264793313e-02 1.4178880360655866 1000000000005.4569   
364 5096 0.007738678352966563 4.205768728041469 -0.047395540555537075 -3.9900744874419303e-02 0.016880115212979163 1000000000004.0543   
365 5110 0.007888073021171173 4.194686959222491 -0.04923571105603042 -4.9235711056030418e-02 0.029916319922177692 3.637307769363289   
366 5124 0.008007752450366536 4.23348509168865 -0.060982208748144195 -6.0982208748144195e-02 0.025089124638378202 3.6624403906555805   
367 5138 0.00807576485845452 4.2634092745182794 -0.060982208748144195 -5.6256830740970543e-02 0.0045393722502131695 3.7452498474469325   
368 5152 0.00813690850131067 4.267455386228801 -0.06922958784906719 -6.9229587849067187e-02 1.4144277727068841 1000000000004.0525   
369 5166 0.00825944859067821 4.28338069273627 -0.07931242806267491 -7.9312428062674911e-02 -0.027496431319717907 3.587877306966883   
370 5180 0.008321593428676327 4.291608726388866 -0.09376712786247854 -9.3767127862478539e-02 0.026451027801295268 3.670100301421456   
371 5194 0.008210325724117727 4.314879652395436 -0.09853941925438381 -9.8539419254383809e-02 1.38033296046358 3.6071472481345115   
372 5208 0.00813010737292172 4.335501443967256 -0.11074202237571029 -1.1074202237571029e-01 -0.030626297771425115 1000000000003.9358   
373 5222 0.00806179138427237 4.351579870513325 -0.11074202237571029 -9.9872793829574036e-02 -0.02294457356151014 1000000000003.9667   
374 5236 0.00807035596728329 4.364472531920635 -0.11074202237571029 -9.8768926978011429e-02 -0.03776098143112083 1000000000007.6396   
375 5250 0.008109693516634152 4.3616764885475945 -0.11074202237571029 -7.7678178937735431e-02 3.3103714264999535 1000000000005.4408   
376 5264 0.008209420122063438 4.368390471085149 -0.11074202237571029 -8.6944509364570877e-02 -0.05097753123914206 1000000000003.9744   
377 5278 0.008144056403505916 4.371965552562137 -0.11074202237571029 -1.0520124359537864e-01 1.3846402881715978 1000000000004.0293   
378 5292 0.008263695493842467 4.368544165523746 -0.11074202237571029 -9.3707717761903453e-02 -0.03817511544779961 1000000000003.3274   
379 5306 0.008291832819501802 4.353899014122061 -0.1271085685005362 -1.2710856850053620e-01 -0.07475134430182173 1000000000003.968   
380 5320 0.008535704614239305 4.36190139047569 -0.1271085685005362 -1.1617063985064835e-01 -0.06899880791187751 1000000000003.9976   
381 5334 0.008670102487811438 4.366091519387574 -0.12762341350981554 -1.2762341350981554e-01 -0.08351570636090244 1000000000003.9296   
382 5348 0.00885633061051115 4.372420159993371 -0.12762341350981554 -1.1845242404973089e-01 -0.08369108090897637 999999999999.9146   
383 5362 0.009015329945933192 4.38369059859327 -0.1446108094746057 -1.4461080947460569e-01 -0.07395329199504896 1000000000003.3221   
384 5376 0.008938824900232468 4.435319103984015 -0.1446108094746057 -1.1963754775797231e-01 3.882844945270899 6.944065174611877   
385 5390 0.008931205846743964 4.451444597832853 -0.1446108094746057 -1.4079502042031677e-01 -0.006925236536512003 5.1245782574276095   
386 5404 0.00908104315191361 4.429889761723549 -0.1446108094746057 -1.2536165283072709e-01 -0.07667446303292191 3.241869275184629   
387 5418 0.009254863814938813 4.391551930461802 -0.1446108094746057 -1.0297067717634789e-01 -0.06041249929688952 1000000000004.0021   
388 5432 0.009361237435467223 4.396608168538823 -0.1446108094746057 -1.1850579787128623e-01 -0.04369841756070425 1000000000003.9542   
389 5446 0.009505877763019453 4.406351176763243 -0.1657940388608088 -1.6579403886080879e-01 -0.06963196201203381 1000000000003.9027   
390 5460 0.009648275384603213 4.406682264953237 -0.1657940388608088 -1.4790872602129568e-01 -0.10492667393804478 3.9172708559560414   
391 5474 0.009816178001266607 4.413530282088712 -0.1657940388608088 -1.4472038155360867e-01 -0.05888239983969523 1000000000003.2904   
392 5488 0.009764654418893124 4.421716436786684 -0.16899694899004558 -1.6899694899004558e-01 -0.08658260625497238 3.8944845739264577   
393 5502 0.009836800441907125 4.44212402957237 -0.16952921353369188 -1.6952921353369188e-01 -0.05179931897597623 3.9654281848328896   
394 5516 0.009909998472066616 4.458023165498128 -0.16952921353369188 -1.4420192172834145e-01 1.4633637100909542 1000000000005.5275   
395 5530 0.009690902022975349 4.4520080101948984 -0.16952921353369188 -1.4513894658535431e-01 3.20799714698472 1000000000003.9763   
396 5544 0.009522020329359901 4.458131951845039 -0.16952921353369188 -1.4442492917513139e-01 -0.08443826536959165 1000000000003.9252   
397 5558 0.009447308310321695 4.463803102974913 -0.16952921353369188 -1.5809070220607246e-01 -0.10877942752915182 1000000000003.2655   
398 5572 0.00940316991700572 4.452161317008636 -0.16952921353369188 -1.6019859568871642e-01 -0.09183698773155236 1000000000003.9261   
399 5586 0.009397955399998615 4.437002081641158 -0.20270095715921777 -2.0270095715921777e-01 -0.059161241959375666 1000000000004.8513   
400 5600 0.009328025741118738 4.454237613071437 -0.20270095715921777 -1.7529515909771742e-01 1.4028964596131575 1000000000003.8949   
401 5614 0.009144310788709968 4.449827785359775 -0.20270095715921777 -1.5840308533443093e-01 -0.10794413351803733 1000000000004.791   
402 5628 0.009189794153542642 4.446420410643605 -0.20270095715921777 -1.7701094180933108e-01 -0.1389389981162017 1000000000003.9298   
403 5642 0.009249754985352599 4.442819439834164 -0.20381179970731456 -2.0381179970731456e-01 -0.12187867101960137 1000000000007.5798   
404 5656 0.009563016347024072 4.450185579372175 -0.23211386339915752 -2.3211386339915752e-01 -0.15801906102291952 3.235128822447235   
405 5670 0.00980584360121747 4.498833350644126 -0.23211386339915752 -2.2668756030802051e-01 -0.15808506853757365 1000000000003.9216   
406 5684 0.010000204113337876 4.534356300091209 -0.23957845241497466 -2.3957845241497466e-01 -0.15169853463817784 1000000000005.3931   
407 5698 0.010219246736763981 4.538626166706915 -0.23957845241497466 -2.2901443296777835e-01 -0.17721202468707542 3.2332018317099767   
408 5712 0.010609654098423965 4.576384185788405 -0.27880052606362504 -2.7880052606362504e-01 -0.17926381394463053 1000000000004.9357   
409 5726 0.011059836112226593 4.640008549717276 -0.27880052606362504 -2.4344755332221979e-01 -0.11436088656273924 1000000000001.4165   
410 5740 0.011288659727738938 4.723988641338825 -0.27880052606362504 -2.3699255272857300e-01 -0.1965952626812646 3.1593965920303075   
411 5754 0.011613538367304225 4.795457749940733 -0.2806684659594172 -2.8066846595941719e-01 -0.1626452375852887 3.8248319013943557   
412 5768 0.011797656652373431 4.863895878502545 -0.2806684659594172 -2.7657503804403927e-01 1.3911113315963792 999999999999.7262   
413 5782 0.01204624314608739 4.919844927081759 -0.2806684659594172 -2.1567755562538249e-01 3.4404475420552014 5.083707648054265   
414 5796 0.01209604230182523 4.990113753403878 -0.2806684659594172 -2.3256319188924213e-01 -0.11880619622194644 3.443064759812252   
415 5810 0.012230086931934774 5.047713241982627 -0.2806684659594172 -2.3540095113535209e-01 -0.07566421039310534 1000000000006.8895   
416 5824 0.012022605629326617 5.087141347690323 -0.2806684659594172 -2.4988310932836466e-01 -0.15167665169576328 1000000000001.418   
417 5838 0.012180496098556457 5.105527322036793 -0.2806684659594172 -2.7667638657919635e-01 -0.17250268905593202 1000000000001.4865   
418 5852 0.01252763918120909 5.127025542021629 -0.2806684659594172 -2.5130612252413531e-01 -0.14732796647155322 5.126246138692313   
419 5866 0.012906374162194305 5.16063516337752 -0.28649372541160645 -2.8649372541160645e-01 -0.1738014075724177 999999999999.8083   
420 5880 0.013124992512354735 5.234177604058559 -0.28649372541160645 -2.7039918638685378e-01 -0.20134706062122465 3.4417869285332063   
421 5894 0.013499104333866275 5.282250647002185 -0.28649372541160645 -2.6483638778972818e-01 -0.11771344005696083 1000000000007.471   
422 5908 0.0138668375216166 5.333972692010692 -0.28649372541160645 -2.8158806276835868e-01 -0.17066359057933767 1000000000003.1046   
423 5922 0.013992949478548627 5.356239674456297 -0.34696527136382116 -3.4696527136382116e-01 -0.18069039919600005 999999999999.8066   
424 5936 0.01418329517155432 5.40454820218213 -0.34696527136382116 -2.7593994056370530e-01 3.0372243321722916 2000000000002.9014   
425 5950 0.014380681403483444 5.434913528169069 -0.34696527136382116 -2.8069667869149750e-01 -0.17366906049231634 1000000000006.7487   
426 5964 0.014546632970750819 5.456733578832721 -0.34696527136382116 -2.5942193567638583e-01 -0.14905419467557834 3.181673747879998   
427 5978 0.014480737869992457 5.459543870225358 -0.34696527136382116 -2.7706464175816325e-01 3.37721652024785 1000000000006.8015   
428 5992 0.014420289146222507 5.438773510932369 -0.34696527136382116 -3.2542094599287896e-01 -0.20492367310193416 1000000000002.9305   
429 6006 0.014238414992170628 5.4209174350070946 -0.34696527136382116 -3.2558563173334587e-01 -0.23463993985638432 3.1348409952408023   
430 6020 0.013994017068576874 5.449445726662334 -0.34696527136382116 -3.0806680757106086e-01 -0.19843589472779755 1000000000003.7942   
431 6034 0.013973398289723866 5.439844753504202 -0.34696527136382116 -3.1976434060993064e-01 -0.2596533916252035 1000000000003.7378   
432 6048 0.013796613182101576 5.458953235533997 -0.3483270762958304 -3.4832707629583037e-01 -0.2503344579967619 1000000000007.7241   
433 6062 0.013717692893174607 5.4906810741465275 -0.38294247326415043 -3.8294247326415043e-01 999999999999.646 2000000000003.6992   
434 6076 0.013574467009583091 5.494107708146868 -0.39558729722794617 -3.9558729722794617e-01 -0.2827993567846949 -0.19495233476650586   
435 6090 0.013655247087640163 5.5189664234123965 -0.39558729722794617 -3.7126120122717232e-01 -0.30697267956756047 3.305471848499695   
436 6104 0.013474251670033062 5.575250384882089 -0.39558729722794617 -3.8364898861662411e-01 -0.3040630888165117 3.310422900367178   
437 6118 0.013393496974835115 5.60630772035205 -0.39558729722794617 -3.8856387548974158e-01 -0.33140194718088356 -0.2556902742923448   
438 6132 0.01308717347352947 5.65549480817876 -0.4081977784695656 -4.0819777846956562e-01 -0.3053984425603966 3.0248980109333417   
439 6146 0.012816770161571484 5.66198221708949 -0.4081977784695656 -4.0455602732396123e-01 -0.3354375713884439 3.034113398625496   
440 6160 0.012729839301072018 5.663099873004958 -0.4081977784695656 -4.0336330282121668e-01 -0.2838813684267434 999999999999.6134   
441 6174 0.01267258467419534 5.7021864685297246 -0.43562324223456095 -4.3562324223456095e-01 -0.3628702589223902 1000000000003.0542   
442 6188 0.012619255618122705 5.760833497886762 -0.4435323713228234 -4.4353237132282342e-01 -0.33168141793816996 999999999999.5975   
443 6202 0.012581450001031311 5.837463928505393 -0.45521721372510093 -4.5521721372510093e-01 -0.37696768048435825 2.974078744748577   
444 6216 0.012844158937075034 5.895331742130691 -0.4739403839436216 -4.7394038394362159e-01 -0.38247379294405626 2.9145312532613215   
445 6230 0.012960733555916188 6.02986547674705 -0.5037219071555921 -5.0372190715559206e-01 -0.37328225198559384 3.0080017301282806   
446 6244 0.013011726015713165 6.11663174553458 -0.5211840205495575 -5.2118402054955748e-01 -0.4684357336891134 3.191686550356411   
447 6258 0.013143787394061064 6.2381480326693985 -0.5518227930334989 -5.5182279303349890e-01 -0.4598148811599092 2.8740890595424755   
448 6272 0.013409778223678934 6.335024452344276 -0.5518227930334989 -5.1334270950471605e-01 -0.46648176072858494 6.4024796751199755   
449 6286 0.013700705347995891 6.421216010539046 -0.5518227930334989 -5.4574853883323815e-01 -0.4448736004917171 1000000000003.5781   
450 6300 0.014170379340095074 6.4733032937861195 -0.5709883218400709 -5.7098832184007087e-01 3.1217568951609262 1000000000008.987   
451 6314 0.014292139228994239 6.584915847831926 -0.5709883218400709 -5.5530278738047567e-01 -0.43799848457828805 3.2308759140274237   
452 6328 0.014582480295406992 6.669475211176 -0.5709883218400709 -5.5512781402925793e-01 -0.46696243854011144 1000000000006.6478   
453 6342 0.014567352855661247 6.763032212968306 -0.5709883218400709 -5.6433139693558854e-01 2.8124132982681225 1000000000003.5394   
454 6356 0.014382942981939992 6.82551848864199 -0.6014040427798282 -6.0140404277982817e-01 -0.4532954403172278 1000000000007.4763   
455 6370 0.014130539552730616 6.866589054630042 -0.6014040427798282 -5.9589388166681534e-01 -0.48441438394430136 999999999999.4886   
456 6384 0.013915457778758852 6.89215394623444 -0.6290905256568236 -6.2909052565682355e-01 -0.5579174312119068 999999999999.5126   
457 6398 0.013648198239725245 6.93383846348207 -0.632492768974501 -6.3249276897450102e-01 1.2147255464372329 1000000000002.8055   
458 6412 0.013543886383614671 6.969976444337272 -0.632492768974501 -6.1601824841463504e-01 1.218096533039323 999999999999.4185   
459 6426 0.013568750123757446 6.998182946602287 -0.632492768974501 -6.2021654474649690e-01 -0.5506229545937504 1000000000007.1335   
460 6440 0.01372575110491991 6.998388749040846 -0.6391641662372916 -6.3916416623729155e-01 3.0621792318061907 1000000000003.0485   
461 6454 0.01372269253497385 7.030291387601741 -0.6391641662372916 -6.0899337470374082e-01 2.7198815893411457 1000000000003.4329   
462 6468 0.01360965688034729 7.023342151938375 -0.6391641662372916 -6.1061721553985127e-01 -0.5432724374244478 1000000000004.9287   
463 6482 0.013587434996071603 7.023137274197332 -0.6391641662372916 -5.8864205769295452e-01 -0.5203593865179554 999999999999.3953   
464 6496 0.013645167093704738 7.004343538272264 -0.6391641662372916 -6.0463239775754651e-01 -0.5376813843727959 3.242655611897735   
465 6510 0.013570656113918188 7.088368387548568 -0.6411975225940099 -6.4119752259400986e-01 -0.5188080339706458 1000000000003.419   
466 6524 0.013645234674325398 7.156814547675483 -0.6411975225940099 -5.9044402620556369e-01 -0.4331943289908846 1000000000006.693   
467 6538 0.013948794425498928 7.17666069063132 -0.6561170269769558 -6.5611702697695584e-01 -0.5770999069223839 999999999999.4213   
468 6552 0.013880529536650208 7.192073905234989 -0.6561170269769558 -6.1007034132451743e-01 1.2687244726877696 999999999999.3394   
469 6566 0.013605297177322048 7.210715666635344 -0.6600592910928871 -6.6005929109288708e-01 -0.5634265256449762 1000000000003.403   
470 6580 0.013204526410523764 7.21507333152341 -0.7023454417095163 -7.0234544170951629e-01 3.0533532578865543 1000000000002.665   
471 6594 0.012874848013462012 7.244582050892274 -0.7023454417095163 -6.3967043418170011e-01 -0.538003271054369 999999999999.3558   
472 6608 0.012758639335101053 7.21791679176094 -0.7023454417095163 -6.2761391930429244e-01 -0.5682205967779597 999999999999.473   
473 6622 0.012645081248323546 7.212786397502393 -0.7023454417095163 -6.2596977053843528e-01 -0.5559151893066083 999999999999.4003   
474 6636 0.012488022829570435 7.252254302755984 -0.7023454417095163 -6.7544967538708889e-01 -0.6042883707208277 -0.42928992039184966   
475 6650 0.01225545785074247 7.281097435091747 -0.7089091146071649 -7.0890911460716488e-01 -0.6278184332879748 999999999999.3939   
476 6664 0.01194953892566283 7.306654968274658 -0.7311299175246253 -7.3112991752462531e-01 -0.5814942302184978 999999999999.3889   
477 6678 0.011781878497459012 7.338249374654304 -0.7311299175246253 -7.2399184026861363e-01 -0.6464449660822469 999999999999.2999   
478 6692 0.011791822257793344 7.394722253835019 -0.7311299175246253 -7.2557785521156060e-01 -0.6091272156066978 999999999999.3503   
479 6706 0.01173408628257319 7.421871255146908 -0.7311299175246253 -7.2478904656749865e-01 2.609115459920459 999999999999.4135   
480 6720 0.011810094115568503 7.451540159089822 -0.7536902885666246 -7.5369028856662457e-01 -0.6608318855465045 1999999999999.262   
481 6734 0.011769333859630042 7.48491856262086 -0.7993901222812685 -7.9939012228126849e-01 999999999999.2137 1000000000003.2972   
482 6748 0.01189470571081837 7.465342249491078 -0.7993901222812685 -7.8455117979363198e-01 -0.6916493163507367 1000000000002.5326   
483 6762 0.01220877683847419 7.527429841767009 -0.7993901222812685 -7.5897717051046776e-01 -0.6788926965827002 1000000000003.2988   
484 6776 0.012484017421880647 7.530279612598624 -0.7993901222812685 -7.7078156552551924e-01 3.0164486181610215 2000000000003.264   
485 6790 0.012502429911719475 7.532991936349432 -0.7993901222812685 -7.8378342228369213e-01 -0.6209854471695362 1000000000002.8853   
486 6804 0.012216310209467274 7.546370420345734 -0.7993901222812685 -7.7346403738772374e-01 999999999999.2262 1000000000002.952   
487 6818 0.012151458380981547 7.538210140570843 -0.8038491499151181 -8.0384914991511813e-01 -0.6882723562976931 3.263577594897212   
488 6832 0.011869901856049669 7.548039123050633 -0.8038491499151181 -7.7433820573322887e-01 2.677220697868753 1000000000003.1918   
489 6846 0.011638589226637071 7.534779952483728 -0.8139494092572708 -8.1394940925727077e-01 2.5411594495369867 1000000000002.5951   
490 6860 0.011298764716475658 7.549079574974364 -0.814412367667944 -8.1441236766794400e-01 -0.7539042613551876 999999999999.2772   
491 6874 0.011329233363326767 7.578225833051574 -0.814412367667944 -7.9884309801589115e-01 2.5409018591439922 1000000000002.5265   
492 6888 0.011348728198292819 7.579703005671605 -0.8296245290294291 -8.2962452902942907e-01 -0.6951451925502967 1000000000003.1804   
493 6902 0.011262055344602784 7.5740434172554325 -0.8296245290294291 -8.0398912005446910e-01 3.2397546900666505 999999999999.3025   
494 6916 0.011171078208378574 7.562595719946826 -0.8296245290294291 -8.2208777299095104e-01 -0.7527027967581548 1000000000003.2582   
495 6930 0.011211405999378478 7.560214814955693 -0.8296245290294291 -8.0763013140628193e-01 999999999999.2173 1000000000003.3202   
496 6944 0.011108153936528432 7.5383306224585445 -0.8296245290294291 -7.7851547687582467e-01 3.235474421158072 2000000000003.227   
497 6958 0.010799588351087805 7.535470866936821 -0.8296245290294291 -8.2877795897761075e-01 999999999999.21 2000000000003.2214   
498 6972 0.01056431137638285 7.545702358595839 -0.8296245290294291 -7.7963285224740630e-01 -0.7264278646920124 1000000000002.8949   
499 6986 0.010275596280545963 7.496836673042479 -0.8296245290294291 -8.0646557564714350e-01 -0.7034704125883326 1000000000003.2129   
500 7000 0.010018343817695235 7.50903949699681 -0.841233877401061 -8.4123387740106104e-01 -0.7477043616891246 2000000000006.5554   
501 7014 0.009836856160352804 7.503264627123418 -0.841233877401061 -8.1578028147568205e-01 -0.7158350911274853 1000000000002.8121   
502 7028 0.009580959536210465 7.510796540794887 -0.841233877401061 -8.0142094422931542e-01 -0.755545974309058 999999999999.2635   
503 7042 0.009366763662834926 7.456510720452268 -0.841233877401061 -8.1061080271694408e-01 -0.7353083187071228 999999999999.2692   
504 7056 0.00923234659870067 7.46115103583148 -0.841233877401061 -7.9825427386694159e-01 -0.7603778484394121 1000000000002.4677   
505 7070 0.00912693319607154 7.438013355436762 -0.841233877401061 -7.8949597799361992e-01 -0.7158881292680306 1000000000002.4865   
506 7084 0.00884607640734212 7.389706163083123 -0.841233877401061 -8.2485824724786294e-01 -0.7620326226566885 999999999999.2241   
507 7098 0.008778561667696817 7.425128049512531 -0.841233877401061 -8.3724577768036035e-01 -0.7680631694931259 999999999999.2626   
508 7112 0.008728181454902664 7.429543867537162 -0.841233877401061 -7.9336977591296431e-01 999999999999.2003 1000000000003.2916   
509 7126 0.008762710670675213 7.427813993091158 -0.841233877401061 -8.1789914637523342e-01 -0.7176814421111537 999999999999.2421   
510 7140 0.008812830058478188 7.419147722657617 -0.841233877401061 -8.1935879940639555e-01 -0.6750190058295109 1000000000003.3068   
511 7154 0.008875931131134265 7.40216720220668 -0.841233877401061 -7.9643672703596202e-01 -0.7293481082042215 1000000000003.2397   
512 7168 0.00893814800606918 7.422958292005806 -0.841233877401061 -7.8192991188113936e-01 -0.7361142695422709 1999999999999.2996   
513 7182 0.008926076250653643 7.386387726778686 -0.841233877401061 -7.9449803288014387e-01 -0.7659093360185869 1999999999999.2126   
514 7196 0.008842395852802588 7.371744186609488 -0.841233877401061 -8.1830915106390467e-01 -0.7285902917393967 1000000000003.2051   
515 7210 0.008612730854796283 7.367861260284657 -0.841233877401061 -8.3382016982747054e-01 -0.7481163221288085 1999999999999.2004   
516 7224 0.008290899530327014 7.360705866871129 -0.841233877401061 -8.0701414962241458e-01 999999999999.1786 1999999999999.1885   
517 7238 0.007935416422920076 7.3353279119383465 -0.841233877401061 -8.2820611721687420e-01 -0.7554622226843879 1000000000003.2258   
518 7252 0.007774875618969331 7.324837749279267 -0.8418619948295119 -8.4186199482951185e-01 -0.7685463803799495 2000000000003.1836   
519 7266 0.007567606586934725 7.305303161509447 -0.8418619948295119 -8.4047372126912290e-01 999999999999.1499 1000000000007.1747   
520 7280 0.007437401854963562 7.33045207016343 -0.8418619948295119 -8.3364214791820768e-01 999999999999.1464 2000000000003.134   
521 7294 0.007288900032099581 7.330518139007922 -0.8418619948295119 -8.1774312291341822e-01 -0.7734164272873967 1000000000003.2214   
522 7308 0.007087560973218126 7.339973184743994 -0.8418619948295119 -8.3788593960599123e-01 -0.7946392835128675 1000000000003.2036   
523 7322 0.0069167317420092 7.343941976126054 -0.8451614500909352 -8.4516145009093524e-01 -0.7929470430020924 1000000000003.1771   
524 7336 0.00682410651214356 7.328091694461353 -0.8492217561494844 -8.4922175614948436e-01 -0.7997546277818692 1000000000003.2064   
525 7350 0.00670645564028266 7.32413078838949 -0.8492217561494844 -8.4614718251650434e-01 -0.8082050748764829 2000000000003.1487   
526 7364 0.00656711299124898 7.311929733225327 -0.8633895292769012 -8.6338952927690116e-01 -0.8286874763716394 999999999999.1769   
527 7378 0.006578833947192871 7.316975925729487 -0.8633895292769012 -8.3448425367993817e-01 999999999999.1517 1999999999999.1335   
528 7392 0.006583860836966628 7.299877254567992 -0.8633895292769012 -8.5425904398295405e-01 -0.8080533326247963 999999999999.2361   
529 7406 0.006531762773416664 7.291500541621744 -0.8633895292769012 -8.3872291427309431e-01 -0.7699055932773575 1000000000003.1519   
530 7420 0.006558717658140088 7.274181965453818 -0.8633895292769012 -8.5312427022738468e-01 -0.8208888413942494 999999999999.2406   
531 7434 0.00647693058889336 7.289949431084706 -0.8657712789224847 -8.6577127892248473e-01 -0.8059081147293439 2000000000003.1172   
532 7448 0.006350332181199498 7.289030502642723 -0.8657712789224847 -8.5817731426850319e-01 -0.826945859309169 999999999999.1417   
533 7462 0.006221863203898888 7.283828706628844 -0.8657712789224847 -8.5493646554541769e-01 -0.8234831731320504 999999999999.1631   
534 7476 0.00604654998377321 7.2468533921201805 -0.8657712789224847 -8.5317453290188894e-01 -0.7867388466097651 999999999999.174   
535 7490 0.005911401962730262 7.224895606646641 -0.8657712789224847 -8.6397216254222187e-01 -0.8331468548666816 -0.8073183347030195   
536 7504 0.005845903224997247 7.210967947123292 -0.8720265421211453 -8.7202654212114528e-01 -0.8415825969914161 999999999999.1498   
537 7518 0.005844776369185907 7.195618782048867 -0.8816507534102014 -8.8165075341020138e-01 -0.8498752827835592 999999999999.1554   
538 7532 0.00591749002487623 7.165362816848356 -0.8816507534102014 -8.6721341534685958e-01 -0.8423647802464389 999999999999.1461   
539 7546 0.006007885589790359 7.126154625045375 -0.8816507534102014 -8.7191085482152975e-01 -0.8387487603139467 1000000000003.1989   
540 7560 0.006132115171702107 7.091996102951353 -0.8816507534102014 -8.6587233771152583e-01 -0.8515176145555063 999999999999.1322   
541 7574 0.006081666602819069 7.073584235916537 -0.8816507534102014 -8.7907363632509750e-01 -0.8320844504647553 1000000000003.1558   
542 7588 0.005976823714451897 7.057260755096746 -0.8816507534102014 -8.7587502861635169e-01 -0.8490956724370999 1000000000003.1576   
543 7602 0.005886981551164501 7.068130036710846 -0.8816507534102014 -8.7840266074608397e-01 -0.8469386776809635 2000000000003.1177   
544 7616 0.0059373364846524454 7.039081956023894 -0.9021449021345536 -9.0214490213455356e-01 -0.8587136829588973 1000000000007.12   
545 7630 0.00592995477258374 7.038719452579284 -0.9021449021345536 -8.8376151960618010e-01 -0.8428909675370653 1000000000007.1296   
546 7644 0.006003766834151106 7.0064561898163555 -0.9021449021345536 -9.0014278859545094e-01 -0.8513250959779386 1000000000003.1309   
547 7658 0.006058784889582344 6.990657718680402 -0.9021449021345536 -8.8779905620977928e-01 -0.8493653486251658 1000000000003.1317   
548 7672 0.006107481866694766 6.999758934968005 -0.9021449021345536 -8.8651143950748867e-01 -0.8462394275053109 1000000000003.1178   
549 7686 0.006220199839545472 7.017773248734477 -0.9039918457174476 -9.0399184571744762e-01 -0.8373041994531629 2000000000003.1274   
550 7700 0.0062019977014334884 7.051480624783273 -0.9039918457174476 -8.9114323363908898e-01 -0.8641029006583052 1000000000006.7821   
551 7714 0.006146519951497825 7.067758862056938 -0.9039918457174476 -8.8729841493224271e-01 -0.8390782112344821 1000000000003.1512   
552 7728 0.006071383400074972 7.04930380238952 -0.9039918457174476 -8.8399469299051248e-01 -0.8586199707113717 1000000000003.1156   
553 7742 0.0060839919205796875 7.052824685335587 -0.9039918457174476 -8.7695638362678618e-01 -0.8567896478372559 1000000000003.1178   
554 7756 0.006063220739119816 7.083710543744357 -0.9039918457174476 -8.8510905521090866e-01 -0.8581617829875032 999999999999.1501   
555 7770 0.006095481586793399 7.086525658350019 -0.9039918457174476 -8.9265429211677905e-01 -0.8584734386531263 999999999999.1293   
556 7784 0.006190879181698628 7.061276639770142 -0.9039918457174476 -8.7551307528521605e-01 -0.8423810754597882 1000000000003.1335   
557 7798 0.006299696640681549 7.058472252967168 -0.9039918457174476 -8.9889384718848397e-01 -0.8371698696717091 2000000000003.1104   
558 7812 0.006354025568372731 7.024317910486506 -0.9039918457174476 -9.0228028445206387e-01 999999999999.0817 1000000000003.1069   
559 7826 0.006374085189193203 7.012131534137823 -0.9039918457174476 -9.0193911919586522e-01 2.7293844632606516 999999999999.117   
560 7840 0.006208419960768345 7.022881125198158 -0.9039918457174476 -8.9585795000047597e-01 -0.8575809006860879 999999999999.174   
561 7854 0.006022592350866748 7.010733302563632 -0.9039918457174476 -8.9760666191381322e-01 -0.866505262021704 999999999999.1471   
562 7868 0.0059656937606447896 6.9997719719886025 -0.9135534026771852 -9.1355340267718521e-01 -0.8776791580811292 999999999999.1155   
563 7882 0.005858806926396379 6.936437685070782 -0.9207172048391756 -9.2071720483917563e-01 -0.8565249369926713 1000000000006.7377   
564 7896 0.005810328276628708 6.930111829216716 -0.9207172048391756 -9.1031483465834917e-01 999999999999.0709 2000000000003.0793   
565 7910 0.0057531357993699786 6.9427900624091095 -0.9207172048391756 -8.8433453750057289e-01 999999999999.1101 2000000000003.0718   
566 7924 0.005697139603999214 6.986480297746591 -0.9207172048391756 -9.1122273861823810e-01 999999999999.109 1000000000003.1249   
567 7938 0.005726630384726167 6.98357485931894 -0.9207172048391756 -9.1607014454237934e-01 -0.8619466470672226 1000000000003.1157   
568 7952 0.005732357271086063 6.95451901807169 -0.9207172048391756 -9.1702719296066615e-01 -0.8896488586911602 2000000000003.0854   
569 7966 0.005768994800685741 6.966458874250087 -0.9207172048391756 -9.1759504937825476e-01 999999999999.1018 2000000000003.0972   
570 7980 0.005655306157989208 7.011203954382264 -0.9207172048391756 -9.1127428824758194e-01 -0.8779228157909023 2000000000003.0603   
571 7994 0.005639925344629212 6.973329931161427 -0.9340416313193316 -9.3404163131933160e-01 -0.8604846302999505 2000000000003.0803   
572 8008 0.005552235302887597 6.993676524916717 -0.9340416313193316 -9.3021170150309018e-01 999999999999.0697 2000000000003.0925   
573 8022 0.00547348856226066 6.999550038412946 -0.9340416313193316 -9.2455771537952725e-01 -0.8912780270627412 1000000000003.0852   
574 8036 0.005353769380784954 6.986134809756347 -0.9340416313193316 -9.2783375274218649e-01 -0.8979172209337802 999999999999.1017   
575 8050 0.005287733179909287 6.947956406741825 -0.9531931850092787 -9.5319318500927874e-01 -0.9049127853766805 999999999999.0947   
576 8064 0.005284680137994394 6.9492555551226305 -0.9531931850092787 -9.4923245874405016e-01 -0.9141161565212963 1000000000002.3716   
577 8078 0.005281112131404709 6.885306598832881 -0.9531931850092787 -9.3421982908517709e-01 999999999999.0531 2000000000002.381   
578 8092 0.005281489740710998 6.897298760089992 -0.9531931850092787 -9.4337652346732437e-01 -0.9087632497567402 1000000000003.1488   
579 8106 0.005348975296698843 6.899174606103255 -0.9531931850092787 -9.3191998997245928e-01 -0.8850953242325774 1000000000003.1097   
580 8120 0.005400145950195888 6.906352399764242 -0.9531931850092787 -9.4002817847791942e-01 -0.907435268790219 999999999999.0956   
581 8134 0.005389700536396867 6.897715486734717 -0.9531931850092787 -9.2522294662171767e-01 -0.898091464565371 1000000000003.0732   
582 8148 0.0053820537729259085 6.879472619242438 -0.9531931850092787 -9.3587730700083771e-01 -0.9010064945014253 999999999999.0898   
583 8162 0.005348061278736705 6.871464859536123 -0.9531931850092787 -9.3128644689358975e-01 -0.9065878961202642 1000000000003.0717   
584 8176 0.005324376877004176 6.873898065083583 -0.9531931850092787 -9.3245094938850848e-01 -0.8909666814559198 2000000000003.0696   
585 8190 0.005285581552977556 6.883520659736011 -0.9531931850092787 -9.3522493328036038e-01 -0.8996090497931402 999999999999.0748   
586 8204 0.005224206489640609 6.847300426549768 -0.9531931850092787 -9.5153512293223752e-01 -0.9205930159395015 999999999999.0741   
587 8218 0.005095291795146452 6.857265272941024 -0.9563716459376197 -9.5637164593761970e-01 -0.90722301605647 1000000000002.6741   
588 8232 0.00494065165341195 6.873555970427292 -0.9600624119280061 -9.6006241192800612e-01 -0.9158547315347905 1000000000003.0463   
589 8246 0.004872230924040725 6.859271127858117 -0.9639635249591549 -9.6396352495915494e-01 -0.9289301860815948 1000000000003.0502   
590 8260 0.004927215682419532 6.885906125564795 -0.9639635249591549 -9.5303632813718142e-01 -0.9170729914572675 1000000000006.7106   
591 8274 0.004932610030321048 6.891392207382231 -0.9639635249591549 -9.5696073992784036e-01 -0.9366033582620217 1000000000002.4149   
592 8288 0.0049856890869065746 6.909653123786245 -0.9639635249591549 -9.6311505152447729e-01 -0.9244770814634844 1000000000003.0593   
593 8302 0.004981646932574107 6.941507698834688 -0.9639635249591549 -9.5290325000388965e-01 2.360540888965156 1000000000006.6692   
594 8316 0.0049212745376802204 7.0100280532224195 -0.9639635249591549 -9.6015536309985805e-01 -0.9401595951593489 999999999999.0575   
595 8330 0.004826327232156797 7.0186563395019155 -0.9639635249591549 -9.5008254091751976e-01 2.385321164214613 1000000000002.6646   
596 8344 0.004727104218011379 7.0167154576196005 -0.9639635249591549 -9.5550583937215094e-01 -0.912395663775051 1000000000002.6489   
597 8358 0.004641625564773553 7.018779362750593 -0.9639635249591549 -9.6338514342499426e-01 -0.9179984964310473 1000000000002.3655   
598 8372 0.004542352192668843 6.994579226359293 -0.9639635249591549 -9.5046802236118388e-01 2.366615948627053 999999999999.066   
599 8386 0.004491150915069776 6.99258284837933 -0.9639635249591549 -9.5053341965084481e-01 -0.9329985147721214 999999999999.0668   
600 8400 0.0045266996289454724 7.006265873848756 -0.9639635249591549 -9.5545473180247686e-01 2.3673277988296695 1000000000005.9673   
601 8414 0.004513234484693593 7.0041527118032665 -0.9647115846870857 -9.6471158468708573e-01 -0.9332267374272485 2.7154437130784252   
602 8428 0.004400721337797426 7.0671627171380145 -0.9647115846870857 -9.5470016399943081e-01 2.6625144537158345 999999999999.0643   
603 8442 0.00433985494258033 7.012892080930454 -0.9647115846870857 -9.5035066571162830e-01 -0.9345038656064562 1000000000002.6511   
604 8456 0.004301294970017064 6.995124446151295 -0.9647115846870857 -9.5525631232654362e-01 -0.9394834450635487 999999999999.0328   
605 8470 0.004214475736465698 6.972821894039834 -0.9647115846870857 -9.5596207639365449e-01 -0.9425853445434349 1000000000002.66   
606 8484 0.004110471159339403 6.971813366697743 -0.9653936880179348 -9.6539368801793479e-01 -0.9393413852006915 999999999999.058   
607 8498 0.004055438471811259 6.964284244377475 -0.9696305738494546 -9.6963057384945461e-01 -0.9413680289473199 999999999999.0466   
608 8512 0.00407096123914239 6.978521693695956 -0.9696305738494546 -9.6153669642751893e-01 2.676133830399433 1000000000002.6311   
609 8526 0.004020330050605549 6.975392840560633 -0.9696305738494546 -9.5287638232045246e-01 -0.9365914085512106 999999999999.0486   
610 8540 0.003937723199353925 6.984409741034622 -0.9696305738494546 -9.5993841196013019e-01 2.6513139179256973 999999999999.0507   
611 8554 0.003802551573707569 6.992134903420975 -0.9696305738494546 -9.6229669903101733e-01 -0.9543442516762326 -0.9371751518870761   
612 8568 0.0036672895045868573 7.009126182805874 -0.9696305738494546 -9.6601694925013337e-01 -0.9510204486825353 1000000000003.0308   
613 8582 0.003597736296953742 7.018355663200096 -0.9746603683519544 -9.7466036835195435e-01 -0.950477713924406 999999999999.0446   
614 8596 0.0035197397099876225 7.001455656376664 -0.9779963240555727 -9.7799632405557269e-01 -0.9602797672281991 999999999999.0516   
615 8610 0.0035098260415558323 7.030292039956924 -0.9802285693296175 -9.8022856932961755e-01 -0.9583002500451538 1000000000002.6636   
616 8624 0.003434206724497389 7.032855020943489 -0.9802285693296175 -9.7948597230814993e-01 2.343790937800441 1000000000002.6248   
617 8638 0.003388353146405809 7.038426094306489 -0.9812487617445136 -9.8124876174451359e-01 -0.968372278519853 2.6418083547357547   
618 8652 0.003412903591643283 7.052592792561887 -0.9812487617445136 -9.7876413821552521e-01 -0.9624505752960006 2.34567761027669   
619 8666 0.0034246300409131944 7.095016484251025 -0.9812487617445136 -9.8120763693935764e-01 -0.965553398965298 999999999999.031   
620 8680 0.0034096428262210157 7.105230043157048 -0.986076303521954 -9.8607630352195397e-01 -0.9671627535511309 999999999999.0321   
621 8694 0.0034152880121151408 7.1072804831279255 -0.9938203125703469 -9.9382031257034686e-01 -0.9745172377006597 999999999999.0255   
622 8708 0.003435875185554306 7.121928187252723 -0.9938203125703469 -9.8881182293219005e-01 2.6461328220684086 1000000000002.3219   
623 8722 0.003487073424200895 7.114031594093287 -0.9938203125703469 -9.8233195700242781e-01 2.3437057143934448 1000000000005.926   
624 8736 0.0035350098467117654 7.106813520892464 -0.9938203125703469 -9.7848841918130525e-01 2.3357675286083053 999999999999.0599   
625 8750 0.003529122848651416 7.1107452955997985 -0.9938203125703469 -9.7947477636187319e-01 -0.9577078121816456 3.026471807656904   
626 8764 0.003508307692056422 7.090923823742109 -0.9938203125703469 -9.8264468476710931e-01 -0.9621246520436202 999999999999.0542   
627 8778 0.003455480862054949 7.069890254713759 -0.9938203125703469 -9.8295985355082216e-01 -0.9636977661118857 1000000000002.336   
628 8792 0.0033796647452758663 7.0725180622591814 -0.9938203125703469 -9.7932140308267179e-01 2.643340461279611 999999999999.0402   
629 8806 0.003249642985129116 7.084702233280629 -0.9938203125703469 -9.8637826988211152e-01 -0.9485462344840485 999999999999.0511   
630 8820 0.0032109995630592225 7.079190068036135 -0.9938203125703469 -9.8996594150370942e-01 -0.9665183542462561 999999999999.0197   
631 8834 0.0031483097637259043 7.109485567940788 -0.9948810661624714 -9.9488106616247141e-01 999999999999.0024 999999999999.0272   
632 8848 0.0031240757713366673 7.1091123520168225 -0.9948810661624714 -9.9134067376518864e-01 -0.9746512374591756 1000000000002.3114   
633 8862 0.003056095996022537 7.059793596367079 -0.9948810661624714 -9.8822354579263827e-01 3.0107891234290056 999999999999.0249   
634 8876 0.00298506597808896 7.049118164118111 -0.9948810661624714 -9.9367372101393947e-01 -0.9801539162692627 1000000000003.0045   
635 8890 0.00291856113645547 7.03311650334921 -1.006661312750058 -1.0066613127500581e+00 -0.9663268147801034 999999999999.0076   
636 8904 0.0028583925350061322 7.070547319188122 -1.006661312750058 -1.0007286974370269e+00 -0.9852216297035676 1000000000002.3173   
637 8918 0.002815553283920681 7.11022920632664 -1.006661312750058 -1.0013478166283143e+00 999999999998.9967 1000000000002.3007   
638 8932 0.002817957704570163 7.111191279777281 -1.006661312750058 -9.9460121684006619e-01 -0.9767884038770704 999999999999.0078   
639 8946 0.0028262497562629124 7.113128558035228 -1.006661312750058 -9.9239240124412298e-01 3.0124454442384856 999999999999.0262   
640 8960 0.0027876709965853202 7.123846539628567 -1.006661312750058 -9.9097505690671639e-01 -0.9781181141383088 999999999999.0073   
641 8974 0.0026969150826835014 7.148787380311052 -1.006661312750058 -9.8729142112470658e-01 999999999999.0094 999999999999.016   
642 8988 0.002605663912447041 7.199132657694059 -1.006661312750058 -9.9692374915960880e-01 -0.9776862387464789 999999999999.0278   
643 9002 0.0025416657185875686 7.1891575539325085 -1.006661312750058 -9.9517011994471005e-01 -0.9733629380687372 999999999999.0165   
644 9016 0.0024488678763471155 7.156036213476628 -1.006661312750058 -9.9172238756245790e-01 -0.9797297481276503 1000000000002.625   
645 9030 0.0023736563669311873 7.1321104524648495 -1.006661312750058 -1.0008228782590507e+00 -0.9744632960631661 999999999999.0088   
646 9044 0.0023043579723137685 7.100884043345485 -1.006661312750058 -9.9781619692442991e-01 -0.986361315440937 999999999999.0032   
647 9058 0.0022466958533742527 7.088994992824598 -1.006661312750058 -9.9676374469599072e-01 -0.9839452933466601 999999999999.0151   
648 9072 0.002223474031431578 7.080375670510062 -1.006661312750058 -9.9798776082106233e-01 -0.988019550805797 999999999999.0189   
649 9086 0.0022290717387734647 7.058781421075153 -1.006661312750058 -9.9624362861916893e-01 -0.9861593797330297 1000000000002.619   
650 9100 0.00220370075200868 7.051856726848868 -1.006661312750058 -9.9967247024049843e-01 -0.9906944660322585 999999999999.01   
651 9114 0.002164191994936865 7.055473536195351 -1.006661312750058 -1.0025002848560627e+00 -0.9803823720503644 1000000000005.9131   
652 9128 0.002139861997302841 7.015697284205197 -1.006661312750058 -1.0009744746165108e+00 -0.9896732154882715 1000000000002.2936   
653 9142 0.002110988828643559 7.024443442015602 -1.006661312750058 -1.0004613307500998e+00 -0.9876675454645598 999999999999.0055   
654 9156 0.00206238406347872 6.987502318125451 -1.006661312750058 -9.9857783295610325e-01 -0.993864337595042 999999999998.9966   
655 9170 0.0020282269822805878 6.970777896923598 -1.006661312750058 -1.0026643098474155e+00 -0.9913971403241115 -0.9848536450684611   
656 9184 0.002009565440435197 6.98465264782592 -1.006661312750058 -1.0017420566690012e+00 2.6079022233608002 999999999999.0042   
657 9198 0.0020076942724580773 7.010944126682156 -1.0074016085832644 -1.0074016085832644e+00 -0.9951458034806935 1000000000002.6174   
658 9212 0.0020081242780985043 7.039631592101024 -1.0074016085832644 -1.0051119396891846e+00 -0.9916187590401151 1000000000002.6198   
659 9226 0.002017121398606854 7.0023938379053545 -1.0074016085832644 -1.0053145500073866e+00 -0.9970164632709784 999999999999.0001   
